ANTNOV Frequency Percent Cumulative Frequency Cumulative Percent
0 20696 9.29 20696 9.29
1 52418 23.52 73114 32.80
2 27431 12.31 100545 45.11
3 17242 7.74 117787 52.84
4 13090 5.87 130877 58.72
5 10325 4.63 141202 63.35
6 8465 3.80 149667 67.15
7 6891 3.09 156558 70.24
8 5841 2.62 162399 72.86
9 4816 2.16 167215 75.02
10 4179 1.87 171394 76.89
11 3645 1.64 175039 78.53
12 3197 1.43 178236 79.96
13 2795 1.25 181031 81.22
14 2502 1.12 183533 82.34
15 2384 1.07 185917 83.41
16 2075 0.93 187992 84.34
17 1925 0.86 189917 85.20
18 1752 0.79 191669 85.99
19 1613 0.72 193282 86.71
20 1495 0.67 194777 87.38
21 1414 0.63 196191 88.02
22 1321 0.59 197512 88.61
23 1157 0.52 198669 89.13
24 1068 0.48 199737 89.61
25 993 0.45 200730 90.06
26 951 0.43 201681 90.48
27 854 0.38 202535 90.87
28 864 0.39 203399 91.25
29 801 0.36 204200 91.61
30 744 0.33 204944 91.95
31 703 0.32 205647 92.26
32 609 0.27 206256 92.53
33 552 0.25 206808 92.78
34 512 0.23 207320 93.01
35 498 0.22 207818 93.24
36 464 0.21 208282 93.44
37 464 0.21 208746 93.65
38 448 0.20 209194 93.85
39 430 0.19 209624 94.05
40 423 0.19 210047 94.24
41 341 0.15 210388 94.39
42 332 0.15 210720 94.54
43 334 0.15 211054 94.69
44 315 0.14 211369 94.83
45 296 0.13 211665 94.96
46 296 0.13 211961 95.09
47 254 0.11 212215 95.21
48 262 0.12 212477 95.33
49 230 0.10 212707 95.43
50 196 0.09 212903 95.52
51 201 0.09 213104 95.61
52 217 0.10 213321 95.70
53 209 0.09 213530 95.80
54 193 0.09 213723 95.88
55 220 0.10 213943 95.98
56 221 0.10 214164 96.08
57 188 0.08 214352 96.17
58 170 0.08 214522 96.24
59 180 0.08 214702 96.32
60 166 0.07 214868 96.40
61 149 0.07 215017 96.47
62 167 0.07 215184 96.54
63 131 0.06 215315 96.60
64 172 0.08 215487 96.68
65 147 0.07 215634 96.74
66 141 0.06 215775 96.81
67 139 0.06 215914 96.87
68 128 0.06 216042 96.93
69 122 0.05 216164 96.98
70 140 0.06 216304 97.04
71 132 0.06 216436 97.10
72 146 0.07 216582 97.17
73 109 0.05 216691 97.22
74 118 0.05 216809 97.27
75 110 0.05 216919 97.32
76 84 0.04 217003 97.36
77 106 0.05 217109 97.40
78 100 0.04 217209 97.45
79 97 0.04 217306 97.49
80 110 0.05 217416 97.54
81 95 0.04 217511 97.58
82 99 0.04 217610 97.63
83 74 0.03 217684 97.66
84 84 0.04 217768 97.70
85 82 0.04 217850 97.74
86 85 0.04 217935 97.77
87 73 0.03 218008 97.81
88 95 0.04 218103 97.85
89 85 0.04 218188 97.89
90 79 0.04 218267 97.92
91 88 0.04 218355 97.96
92 90 0.04 218445 98.00
93 74 0.03 218519 98.04
94 58 0.03 218577 98.06
95 77 0.03 218654 98.10
96 66 0.03 218720 98.13
97 58 0.03 218778 98.15
98 57 0.03 218835 98.18
99 52 0.02 218887 98.20
100 64 0.03 218951 98.23
101 61 0.03 219012 98.26
102 60 0.03 219072 98.28
103 59 0.03 219131 98.31
104 38 0.02 219169 98.33
105 65 0.03 219234 98.36
106 64 0.03 219298 98.39
107 51 0.02 219349 98.41
108 52 0.02 219401 98.43
109 46 0.02 219447 98.45
110 50 0.02 219497 98.48
111 38 0.02 219535 98.49
112 48 0.02 219583 98.51
113 52 0.02 219635 98.54
114 49 0.02 219684 98.56
115 50 0.02 219734 98.58
116 48 0.02 219782 98.60
117 35 0.02 219817 98.62
118 43 0.02 219860 98.64
119 37 0.02 219897 98.65
120 34 0.02 219931 98.67
121 36 0.02 219967 98.69
122 41 0.02 220008 98.70
123 38 0.02 220046 98.72
124 41 0.02 220087 98.74
125 47 0.02 220134 98.76
126 27 0.01 220161 98.77
127 28 0.01 220189 98.79
128 38 0.02 220227 98.80
129 34 0.02 220261 98.82
130 35 0.02 220296 98.83
131 24 0.01 220320 98.84
132 21 0.01 220341 98.85
133 30 0.01 220371 98.87
134 31 0.01 220402 98.88
135 33 0.01 220435 98.90
136 23 0.01 220458 98.91
137 31 0.01 220489 98.92
138 37 0.02 220526 98.94
139 30 0.01 220556 98.95
140 28 0.01 220584 98.96
141 19 0.01 220603 98.97
142 24 0.01 220627 98.98
143 24 0.01 220651 98.99
144 21 0.01 220672 99.00
145 26 0.01 220698 99.01
146 31 0.01 220729 99.03
147 15 0.01 220744 99.03
148 25 0.01 220769 99.05
149 21 0.01 220790 99.06
150 14 0.01 220804 99.06
151 20 0.01 220824 99.07
152 18 0.01 220842 99.08
153 22 0.01 220864 99.09
154 25 0.01 220889 99.10
155 20 0.01 220909 99.11
156 13 0.01 220922 99.11
157 27 0.01 220949 99.13
158 27 0.01 220976 99.14
159 18 0.01 220994 99.15
160 9 0.00 221003 99.15
161 19 0.01 221022 99.16
162 24 0.01 221046 99.17
163 30 0.01 221076 99.18
164 9 0.00 221085 99.19
165 18 0.01 221103 99.20
166 17 0.01 221120 99.20
167 12 0.01 221132 99.21
168 20 0.01 221152 99.22
169 15 0.01 221167 99.22
170 11 0.00 221178 99.23
171 15 0.01 221193 99.24
172 15 0.01 221208 99.24
173 11 0.00 221219 99.25
174 17 0.01 221236 99.26
175 16 0.01 221252 99.26
176 12 0.01 221264 99.27
177 8 0.00 221272 99.27
178 8 0.00 221280 99.27
179 7 0.00 221287 99.28
180 8 0.00 221295 99.28
181 11 0.00 221306 99.29
182 11 0.00 221317 99.29
183 12 0.01 221329 99.30
184 11 0.00 221340 99.30
185 12 0.01 221352 99.31
186 14 0.01 221366 99.31
187 13 0.01 221379 99.32
188 11 0.00 221390 99.32
189 7 0.00 221397 99.33
190 18 0.01 221415 99.34
191 9 0.00 221424 99.34
192 13 0.01 221437 99.35
193 16 0.01 221453 99.35
194 12 0.01 221465 99.36
195 10 0.00 221475 99.36
196 6 0.00 221481 99.37
197 6 0.00 221487 99.37
198 17 0.01 221504 99.38
199 14 0.01 221518 99.38
200 17 0.01 221535 99.39
201 13 0.01 221548 99.40
202 14 0.01 221562 99.40
203 9 0.00 221571 99.41
204 9 0.00 221580 99.41
205 10 0.00 221590 99.41
206 9 0.00 221599 99.42
207 11 0.00 221610 99.42
208 12 0.01 221622 99.43
209 8 0.00 221630 99.43
210 14 0.01 221644 99.44
211 13 0.01 221657 99.44
212 11 0.00 221668 99.45
213 8 0.00 221676 99.45
214 10 0.00 221686 99.46
215 7 0.00 221693 99.46
216 6 0.00 221699 99.46
217 5 0.00 221704 99.47
218 6 0.00 221710 99.47
219 7 0.00 221717 99.47
220 12 0.01 221729 99.48
221 9 0.00 221738 99.48
222 7 0.00 221745 99.48
223 8 0.00 221753 99.49
224 6 0.00 221759 99.49
225 6 0.00 221765 99.49
226 6 0.00 221771 99.50
227 11 0.00 221782 99.50
228 NA 0.00 221786 99.50
229 NA 0.00 221790 99.50
230 7 0.00 221797 99.51
231 6 0.00 221803 99.51
232 9 0.00 221812 99.51
233 10 0.00 221822 99.52
234 6 0.00 221828 99.52
235 5 0.00 221833 99.52
236 8 0.00 221841 99.53
237 8 0.00 221849 99.53
238 7 0.00 221856 99.53
239 5 0.00 221861 99.54
240 8 0.00 221869 99.54
241 7 0.00 221876 99.54
242 6 0.00 221882 99.55
243 12 0.01 221894 99.55
244 12 0.01 221906 99.56
245 NA 0.00 221910 99.56
246 7 0.00 221917 99.56
247 5 0.00 221922 99.56
248 5 0.00 221927 99.57
249 8 0.00 221935 99.57
250 207 0.09 222142 99.66
300 145 0.07 222287 99.73
350 117 0.05 222404 99.78
400 86 0.04 222490 99.82
450 65 0.03 222555 99.85
500 84 0.04 222639 99.88
600 56 0.03 222695 99.91
700 46 0.02 222741 99.93
800 17 0.01 222758 99.94
900 14 0.01 222772 99.94
1000 15 0.01 222787 99.95
1100 13 0.01 222800 99.96
1200 12 0.01 222812 99.96
1300 8 0.00 222820 99.97
1400 11 0.00 222831 99.97
1500 5 0.00 222836 99.97
1600 NA 0.00 222839 99.97
1700 7 0.00 222846 99.98
1800 7 0.00 222853 99.98
1900 5 0.00 222858 99.98
2000 22 0.01 222880 99.99
3000 16 0.01 222896 100.00
