0.000	0.179
0.010	0.182
0.020	0.198
0.030	0.207
0.040	0.217
0.050	0.229
0.060	0.238
0.070	0.240
0.080	0.247
0.090	0.251
0.100	0.251
0.110	0.249
0.120	0.249
0.130	0.243
0.140	0.235
0.150	0.229
0.160	0.221
0.170	0.212
0.180	0.202
0.190	0.186
0.200	0.172
0.210	0.158
0.220	0.145
0.230	0.130
0.240	0.107
0.250	0.090
0.260	0.072
0.270	0.055
0.280	0.036
0.290	0.012
0.300	-0.001
0.310	-0.019
0.320	-0.043
0.330	-0.055
0.340	-0.073
0.350	-0.087
0.360	-0.101
0.370	-0.110
0.380	-0.125
0.390	-0.134
0.400	-0.147
0.410	-0.153
0.420	-0.158
0.430	-0.162
0.440	-0.165
0.450	-0.165
0.460	-0.161
0.470	-0.165
0.480	-0.160
0.490	-0.154
0.500	-0.150
0.510	-0.140
0.520	-0.133
0.530	-0.121
0.540	-0.109
0.550	-0.096
0.560	-0.082
0.570	-0.064
0.580	-0.052
0.590	-0.033
0.600	-0.017
0.610	-0.001
0.620	0.017
0.630	0.036
0.640	0.055
0.650	0.073
0.660	0.087
0.670	0.106
0.680	0.122
0.690	0.139
0.700	0.148
0.710	0.165
0.720	0.178
0.730	0.184
0.740	0.198
0.750	0.207
0.760	0.216
0.770	0.223
0.780	0.229
0.790	0.226
0.800	0.230
0.810	0.226
0.820	0.226
0.830	0.226
0.840	0.220
0.850	0.216
0.860	0.204
0.870	0.197
0.880	0.188
0.890	0.178
0.900	0.164
0.910	0.147
0.920	0.134
0.930	0.119
0.940	0.103
0.950	0.086
0.960	0.071
0.970	0.057
0.980	0.038
0.990	0.020
1.000	0.005
1.010	-0.012
1.020	-0.029
1.030	-0.041
1.040	-0.057
1.050	-0.072
1.060	-0.083
1.070	-0.098
1.080	-0.109
1.090	-0.119
1.100	-0.127
1.110	-0.136
1.120	-0.141
1.130	-0.146
1.140	-0.149
1.150	-0.151
1.160	-0.146
1.170	-0.146
1.180	-0.144
1.190	-0.139
1.200	-0.134
1.210	-0.125
1.220	-0.118
1.230	-0.110
1.240	-0.098
1.250	-0.087
1.260	-0.071
1.270	-0.059
1.280	-0.047
1.290	-0.029
1.300	-0.016
1.310	0.002
1.320	0.015
1.330	0.032
1.340	0.055
1.350	0.069
1.360	0.084
1.370	0.101
1.380	0.111
1.390	0.125
1.400	0.140
1.410	0.154
1.420	0.163
1.430	0.175
1.440	0.186
1.450	0.189
1.460	0.195
1.470	0.207
1.480	0.210
1.490	0.214
1.500	0.214
1.510	0.214
1.520	0.212
1.530	0.212
1.540	0.205
1.550	0.199
1.560	0.193
1.570	0.184
1.580	0.180
1.590	0.167
1.600	0.158
1.610	0.142
1.620	0.129
1.630	0.118
1.640	0.099
1.650	0.088
1.660	0.072
1.670	0.057
1.680	0.043
1.690	0.022
1.700	0.008
1.710	-0.004
1.720	-0.022
1.730	-0.035
1.740	-0.049
1.750	-0.062
1.760	-0.075
1.770	-0.089
1.780	-0.100
1.790	-0.103
1.800	-0.113
1.810	-0.125
1.820	-0.125
1.830	-0.132
1.840	-0.135
1.850	-0.137
1.860	-0.139
1.870	-0.134
1.880	-0.135
1.890	-0.130
1.900	-0.122
1.910	-0.115
1.920	-0.109
1.930	-0.097
1.940	-0.090
1.950	-0.079
1.960	-0.066
1.970	-0.059
1.980	-0.045
1.990	-0.029
2.000	-0.013
2.010	-0.000
2.020	0.015
2.030	0.034
2.040	0.045
2.050	0.059
2.060	0.078
2.070	0.088
2.080	0.105
2.090	0.114
2.100	0.132
2.110	0.145
2.120	0.152
2.130	0.166
2.140	0.172
2.150	0.177
2.160	0.186
2.170	0.191
2.180	0.197
2.190	0.198
2.200	0.199
2.210	0.200
2.220	0.200
2.230	0.200
2.240	0.195
2.250	0.191
2.260	0.181
2.270	0.177
2.280	0.168
2.290	0.159
2.300	0.147
2.310	0.138
2.320	0.128
2.330	0.114
2.340	0.104
2.350	0.086
2.360	0.074
2.370	0.057
2.380	0.043
2.390	0.032
2.400	0.014
2.410	0.004
2.420	-0.014
2.430	-0.028
2.440	-0.038
2.450	-0.049
2.460	-0.062
2.470	-0.073
2.480	-0.083
2.490	-0.092
2.500	-0.098
2.510	-0.109
2.520	-0.115
2.530	-0.116
2.540	-0.122
2.550	-0.122
2.560	-0.120
2.570	-0.123
2.580	-0.120
2.590	-0.113
2.600	-0.113
2.610	-0.105
2.620	-0.097
2.630	-0.089
2.640	-0.082
2.650	-0.074
2.660	-0.062
2.670	-0.051
2.680	-0.036
2.690	-0.023
2.700	-0.010
2.710	0.002
2.720	0.017
2.730	0.030
2.740	0.041
2.750	0.056
2.760	0.069
2.770	0.084
2.780	0.094
2.790	0.108
2.800	0.118
2.810	0.132
2.820	0.139
2.830	0.154
2.840	0.160
2.850	0.167
2.860	0.172
2.870	0.181
2.880	0.182
2.890	0.186
2.900	0.194
2.910	0.188
2.920	0.188
2.930	0.184
2.940	0.181
2.950	0.180
2.960	0.175
2.970	0.168
2.980	0.160
2.990	0.147
3.000	0.142
3.010	0.132
3.020	0.121
3.030	0.111
3.040	0.100
3.050	0.084
3.060	0.070
3.070	0.062
3.080	0.047
3.090	0.035
3.100	0.015
3.110	0.006
3.120	-0.008
3.130	-0.017
3.140	-0.031
3.150	-0.041
3.160	-0.054
3.170	-0.059
3.180	-0.074
3.190	-0.075
3.200	-0.085
3.210	-0.094
3.220	-0.099
3.230	-0.102
3.240	-0.106
3.250	-0.101
3.260	-0.113
3.270	-0.109
3.280	-0.103
3.290	-0.106
3.300	-0.097
3.310	-0.092
3.320	-0.089
3.330	-0.079
3.340	-0.076
3.350	-0.063
3.360	-0.052
3.370	-0.041
3.380	-0.032
3.390	-0.020
3.400	-0.009
3.410	0.004
3.420	0.018
3.430	0.030
3.440	0.048
3.450	0.055
3.460	0.064
3.470	0.081
3.480	0.094
3.490	0.105
3.500	0.112
3.510	0.125
3.520	0.131
3.530	0.141
3.540	0.151
3.550	0.160
3.560	0.162
3.570	0.171
3.580	0.170
3.590	0.177
3.600	0.177
3.610	0.179
3.620	0.177
3.630	0.176
3.640	0.170
3.650	0.168
3.660	0.160
3.670	0.156
3.680	0.149
3.690	0.147
3.700	0.132
3.710	0.125
3.720	0.115
3.730	0.103
3.740	0.093
3.750	0.078
3.760	0.067
3.770	0.058
3.780	0.040
3.790	0.032
3.800	0.020
3.810	0.013
3.820	-0.003
3.830	-0.019
3.840	-0.027
3.850	-0.037
3.860	-0.048
3.870	-0.058
3.880	-0.069
3.890	-0.072
3.900	-0.082
3.910	-0.085
3.920	-0.090
3.930	-0.096
3.940	-0.099
3.950	-0.096
3.960	-0.097
3.970	-0.098
3.980	-0.099
3.990	-0.089
4.000	-0.093
4.010	-0.083
4.020	-0.083
4.030	-0.069
4.040	-0.066
4.050	-0.052
4.060	-0.046
4.070	-0.034
4.080	-0.027
4.090	-0.014
4.100	-0.003
4.110	0.007
4.120	0.020
4.130	0.034
4.140	0.041
4.150	0.058
4.160	0.067
4.170	0.083
4.180	0.086
4.190	0.101
4.200	0.111
4.210	0.118
4.220	0.126
4.230	0.140
4.240	0.140
4.250	0.151
4.260	0.156
4.270	0.163
4.280	0.164
4.290	0.173
4.300	0.165
4.310	0.171
4.320	0.170
4.330	0.168
4.340	0.165
4.350	0.161
4.360	0.153
4.370	0.152
4.380	0.140
4.390	0.135
4.400	0.128
4.410	0.120
4.420	0.109
4.430	0.104
4.440	0.088
4.450	0.078
4.460	0.064
4.470	0.059
4.480	0.040
4.490	0.034
4.500	0.020
4.510	0.011
4.520	-0.008
4.530	-0.011
4.540	-0.026
4.550	-0.030
4.560	-0.043
4.570	-0.048
4.580	-0.061
4.590	-0.066
4.600	-0.074
4.610	-0.072
4.620	-0.083
4.630	-0.085
4.640	-0.089
4.650	-0.088
4.660	-0.093
4.670	-0.090
4.680	-0.092
4.690	-0.085
4.700	-0.086
4.710	-0.075
4.720	-0.076
4.730	-0.068
4.740	-0.064
4.750	-0.048
4.760	-0.045
4.770	-0.032
4.780	-0.028
4.790	-0.010
4.800	-0.006
4.810	0.008
4.820	0.016
4.830	0.033
4.840	0.035
4.850	0.049
4.860	0.062
4.870	0.076
4.880	0.081
4.890	0.091
4.900	0.102
4.910	0.116
4.920	0.118
4.930	0.129
4.940	0.135
4.950	0.142
4.960	0.144
4.970	0.151
4.980	0.154
4.990	0.156
5.000	0.152
5.010	0.160
5.020	0.156
5.030	0.160
5.040	0.152
5.050	0.154
5.060	0.142
5.070	0.140
5.080	0.138
5.090	0.129
5.100	0.116
5.110	0.114
5.120	0.103
5.130	0.098
5.140	0.081
5.150	0.076
5.160	0.064
5.170	0.057
5.180	0.044
5.190	0.033
5.200	0.023
5.210	0.011
5.220	-0.000
5.230	-0.005
5.240	-0.018
5.250	-0.027
5.260	-0.038
5.270	-0.047
5.280	-0.054
5.290	-0.055
5.300	-0.066
5.310	-0.068
5.320	-0.077
5.330	-0.076
5.340	-0.080
5.350	-0.081
5.360	-0.080
5.370	-0.078
5.380	-0.083
5.390	-0.076
5.400	-0.080
5.410	-0.069
5.420	-0.068
5.430	-0.059
5.440	-0.057
5.450	-0.043
5.460	-0.039
5.470	-0.029
5.480	-0.020
5.490	-0.007
5.500	-0.004
5.510	0.009
5.520	0.018
5.530	0.034
5.540	0.038
5.550	0.053
5.560	0.060
5.570	0.075
5.580	0.079
5.590	0.092
5.600	0.094
5.610	0.110
5.620	0.113
5.630	0.122
5.640	0.124
5.650	0.135
5.660	0.135
5.670	0.147
5.680	0.144
5.690	0.149
5.700	0.150
5.710	0.146
5.720	0.151
5.730	0.152
5.740	0.145
5.750	0.146
5.760	0.137
5.770	0.137
5.780	0.123
5.790	0.124
5.800	0.112
5.810	0.109
5.820	0.099
5.830	0.091
5.840	0.078
5.850	0.076
5.860	0.059
5.870	0.053
5.880	0.039
5.890	0.034
5.900	0.018
5.910	0.013
5.920	0.001
5.930	-0.005
5.940	-0.017
5.950	-0.022
5.960	-0.036
5.970	-0.043
5.980	-0.051
5.990	-0.051
6.000	-0.063
6.010	-0.062
6.020	-0.073
6.030	-0.069
6.040	-0.075
6.050	-0.075
6.060	-0.080
6.070	-0.071
6.080	-0.076
6.090	-0.070
6.100	-0.072
6.110	-0.063
6.120	-0.064
6.130	-0.052
6.140	-0.049
6.150	-0.038
6.160	-0.038
6.170	-0.026
6.180	-0.019
6.190	-0.005
6.200	0.002
6.210	0.013
6.220	0.020
6.230	0.035
6.240	0.037
6.250	0.051
6.260	0.058
6.270	0.073
6.280	0.077
6.290	0.090
6.300	0.095
6.310	0.107
6.320	0.112
6.330	0.119
6.340	0.127
6.350	0.132
6.360	0.138
6.370	0.144
6.380	0.142
6.390	0.145
6.400	0.146
6.410	0.145
6.420	0.143
6.430	0.145
6.440	0.139
6.450	0.140
6.460	0.130
6.470	0.130
6.480	0.122
6.490	0.118
6.500	0.109
6.510	0.105
6.520	0.097
6.530	0.088
6.540	0.079
6.550	0.072
6.560	0.061
6.570	0.053
6.580	0.043
6.590	0.033
6.600	0.023
6.610	0.016
6.620	0.002
6.630	-0.003
6.640	-0.014
6.650	-0.023
6.660	-0.034
6.670	-0.035
6.680	-0.044
6.690	-0.050
6.700	-0.052
6.710	-0.060
6.720	-0.066
6.730	-0.067
6.740	-0.071
6.750	-0.071
6.760	-0.071
6.770	-0.073
6.780	-0.069
6.790	-0.064
6.800	-0.063
6.810	-0.057
6.820	-0.057
6.830	-0.048
6.840	-0.046
6.850	-0.038
6.860	-0.033
6.870	-0.019
6.880	-0.013
6.890	-0.003
6.900	0.005
6.910	0.011
6.920	0.018
6.930	0.031
6.940	0.039
6.950	0.051
6.960	0.058
6.970	0.069
6.980	0.074
6.990	0.086
7.000	0.093
7.010	0.097
7.020	0.106
7.030	0.115
7.040	0.116
7.050	0.126
7.060	0.126
7.070	0.130
7.080	0.133
7.090	0.136
7.100	0.139
7.110	0.140
7.120	0.135
7.130	0.140
7.140	0.135
7.150	0.132
7.160	0.132
7.170	0.128
7.180	0.118
7.190	0.116
7.200	0.107
7.210	0.098
7.220	0.091
7.230	0.089
7.240	0.072
7.250	0.071
7.260	0.062
7.270	0.053
7.280	0.042
7.290	0.034
7.300	0.025
7.310	0.018
7.320	0.003
7.330	0.001
7.340	-0.012
7.350	-0.013
7.360	-0.027
7.370	-0.031
7.380	-0.038
7.390	-0.046
7.400	-0.052
7.410	-0.050
7.420	-0.059
7.430	-0.059
7.440	-0.064
7.450	-0.061
7.460	-0.065
7.470	-0.061
7.480	-0.061
7.490	-0.059
7.500	-0.059
7.510	-0.055
7.520	-0.046
7.530	-0.039
7.540	-0.043
7.550	-0.031
7.560	-0.028
7.570	-0.017
7.580	-0.011
7.590	-0.000
7.600	0.004
7.610	0.015
7.620	0.019
7.630	0.032
7.640	0.040
7.650	0.053
7.660	0.059
7.670	0.066
7.680	0.076
7.690	0.086
7.700	0.091
7.710	0.097
7.720	0.107
7.730	0.111
7.740	0.116
7.750	0.120
7.760	0.124
7.770	0.130
7.780	0.128
7.790	0.133
7.800	0.132
7.810	0.135
7.820	0.136
7.830	0.133
7.840	0.127
7.850	0.128
7.860	0.122
7.870	0.115
7.880	0.117
7.890	0.112
7.900	0.102
7.910	0.097
7.920	0.088
7.930	0.084
7.940	0.074
7.950	0.071
7.960	0.056
7.970	0.051
7.980	0.042
7.990	0.030
8.000	0.025
8.010	0.016
8.020	0.006
8.030	0.001
8.040	-0.012
8.050	-0.013
8.060	-0.020
8.070	-0.030
8.080	-0.036
8.090	-0.043
8.100	-0.043
8.110	-0.048
8.120	-0.053
8.130	-0.058
8.140	-0.059
8.150	-0.055
8.160	-0.056
8.170	-0.059
8.180	-0.064
8.190	-0.055
8.200	-0.052
8.210	-0.048
8.220	-0.043
8.230	-0.038
8.240	-0.036
8.250	-0.027
8.260	-0.020
8.270	-0.010
8.280	-0.006
8.290	0.001
8.300	0.008
8.310	0.016
8.320	0.027
8.330	0.032
8.340	0.044
8.350	0.053
8.360	0.060
8.370	0.067
8.380	0.074
8.390	0.082
8.400	0.093
8.410	0.097
8.420	0.104
8.430	0.109
8.440	0.114
8.450	0.119
8.460	0.121
8.470	0.125
8.480	0.126
8.490	0.130
8.500	0.131
8.510	0.132
8.520	0.130
8.530	0.135
8.540	0.128
8.550	0.126
8.560	0.118
8.570	0.120
8.580	0.114
8.590	0.112
8.600	0.100
8.610	0.097
8.620	0.085
8.630	0.083
8.640	0.071
8.650	0.067
8.660	0.057
8.670	0.049
8.680	0.043
8.690	0.034
8.700	0.025
8.710	0.017
8.720	0.008
8.730	0.001
8.740	-0.007
8.750	-0.014
8.760	-0.017
8.770	-0.026
8.780	-0.033
8.790	-0.037
8.800	-0.044
8.810	-0.043
8.820	-0.049
8.830	-0.055
8.840	-0.055
8.850	-0.053
8.860	-0.054
8.870	-0.059
8.880	-0.056
8.890	-0.051
8.900	-0.052
8.910	-0.047
8.920	-0.041
8.930	-0.041
8.940	-0.031
8.950	-0.026
8.960	-0.019
8.970	-0.008
8.980	-0.005
8.990	0.001
9.000	0.009
9.010	0.018
9.020	0.024
9.030	0.032
9.040	0.039
9.050	0.048
9.060	0.057
9.070	0.066
9.080	0.072
9.090	0.078
9.100	0.088
9.110	0.091
9.120	0.097
9.130	0.103
9.140	0.107
9.150	0.109
9.160	0.119
9.170	0.117
9.180	0.126
9.190	0.121
9.200	0.123
9.210	0.125
9.220	0.128
9.230	0.124
9.240	0.120
9.250	0.119
9.260	0.117
9.270	0.112
9.280	0.107
9.290	0.102
9.300	0.098
9.310	0.090
9.320	0.086
9.330	0.079
9.340	0.074
9.350	0.065
9.360	0.053
9.370	0.051
9.380	0.044
9.390	0.032
9.400	0.025
9.410	0.018
9.420	0.014
9.430	0.001
9.440	-0.003
9.450	-0.011
9.460	-0.015
9.470	-0.026
9.480	-0.028
9.490	-0.033
9.500	-0.036
9.510	-0.041
9.520	-0.043
9.530	-0.047
9.540	-0.047
9.550	-0.047
9.560	-0.047
9.570	-0.046
9.580	-0.045
9.590	-0.044
9.600	-0.039
9.610	-0.041
9.620	-0.034
9.630	-0.035
9.640	-0.027
9.650	-0.020
9.660	-0.015
9.670	-0.012
9.680	-0.004
9.690	0.005
9.700	0.011
9.710	0.019
9.720	0.027
9.730	0.035
9.740	0.043
9.750	0.046
9.760	0.056
9.770	0.062
9.780	0.074
9.790	0.072
9.800	0.086
9.810	0.089
9.820	0.093
9.830	0.097
9.840	0.104
9.850	0.105
9.860	0.113
9.870	0.112
9.880	0.118
9.890	0.114
9.900	0.124
9.910	0.121
9.920	0.122
9.930	0.119
9.940	0.120
9.950	0.113
9.960	0.110
9.970	0.109
9.980	0.104
9.990	0.097
10.000	0.096
10.010	0.086
10.020	0.084
10.030	0.073
10.040	0.071
10.050	0.058
10.060	0.053
10.070	0.046
10.080	0.040
10.090	0.032
10.100	0.023
10.110	0.017
10.120	0.012
10.130	0.001
10.140	-0.003
10.150	-0.013
10.160	-0.017
10.170	-0.022
10.180	-0.024
10.190	-0.035
10.200	-0.037
10.210	-0.043
10.220	-0.039
10.230	-0.043
10.240	-0.042
10.250	-0.047
10.260	-0.044
10.270	-0.044
10.280	-0.041
10.290	-0.045
10.300	-0.036
10.310	-0.037
10.320	-0.031
10.330	-0.029
10.340	-0.020
10.350	-0.017
10.360	-0.011
10.370	-0.008
10.380	-0.000
10.390	0.003
10.400	0.013
10.410	0.024
10.420	0.027
10.430	0.034
10.440	0.043
10.450	0.050
10.460	0.056
10.470	0.063
10.480	0.071
10.490	0.078
10.500	0.086
10.510	0.090
10.520	0.098
10.530	0.098
10.540	0.105
10.550	0.104
10.560	0.109
10.570	0.109
10.580	0.116
10.590	0.118
10.600	0.119
10.610	0.118
10.620	0.117
10.630	0.113
10.640	0.118
10.650	0.107
10.660	0.105
10.670	0.102
10.680	0.101
10.690	0.091
10.700	0.095
10.710	0.084
10.720	0.079
10.730	0.071
10.740	0.069
10.750	0.058
10.760	0.055
10.770	0.042
10.780	0.042
10.790	0.032
10.800	0.021
10.810	0.013
10.820	0.013
10.830	0.002
10.840	-0.003
10.850	-0.017
10.860	-0.013
10.870	-0.024
10.880	-0.026
10.890	-0.033
10.900	-0.028
10.910	-0.038
10.920	-0.038
10.930	-0.043
10.940	-0.040
10.950	-0.045
10.960	-0.042
10.970	-0.045
10.980	-0.043
10.990	-0.038
11.000	-0.034
11.010	-0.031
11.020	-0.028
11.030	-0.025
11.040	-0.021
11.050	-0.019
11.060	-0.006
11.070	-0.005
11.080	0.001
11.090	0.004
11.100	0.016
11.110	0.016
11.120	0.029
11.130	0.036
11.140	0.042
11.150	0.047
11.160	0.057
11.170	0.061
11.180	0.071
11.190	0.076
11.200	0.085
11.210	0.086
11.220	0.092
11.230	0.093
11.240	0.100
11.250	0.103
11.260	0.111
11.270	0.109
11.280	0.109
11.290	0.107
11.300	0.118
11.310	0.111
11.320	0.114
11.330	0.115
11.340	0.111
11.350	0.104
11.360	0.104
11.370	0.100
11.380	0.103
11.390	0.090
11.400	0.090
11.410	0.086
11.420	0.079
11.430	0.068
11.440	0.064
11.450	0.056
11.460	0.054
11.470	0.046
11.480	0.040
11.490	0.034
11.500	0.030
11.510	0.012
11.520	0.016
11.530	0.001
11.540	-0.002
11.550	-0.009
11.560	-0.010
11.570	-0.017
11.580	-0.019
11.590	-0.029
11.600	-0.031
11.610	-0.036
11.620	-0.031
11.630	-0.035
11.640	-0.038
11.650	-0.041
11.660	-0.036
11.670	-0.035
11.680	-0.036
11.690	-0.039
11.700	-0.031
11.710	-0.036
11.720	-0.026
11.730	-0.026
11.740	-0.014
11.750	-0.013
11.760	-0.006
11.770	-0.003
11.780	0.006
11.790	0.006
11.800	0.020
11.810	0.022
11.820	0.029
11.830	0.035
11.840	0.045
11.850	0.051
11.860	0.058
11.870	0.061
11.880	0.071
11.890	0.076
11.900	0.083
11.910	0.083
11.920	0.091
11.930	0.086
11.940	0.100
11.950	0.102
11.960	0.106
11.970	0.105
11.980	0.109
11.990	0.108
12.000	0.109
12.010	0.107
12.020	0.111
12.030	0.108
12.040	0.109
12.050	0.105
12.060	0.103
12.070	0.097
12.080	0.100
12.090	0.088
12.100	0.088
12.110	0.077
12.120	0.076
12.130	0.067
12.140	0.062
12.150	0.057
12.160	0.050
12.170	0.039
12.180	0.036
12.190	0.028
12.200	0.023
12.210	0.020
12.220	0.013
12.230	0.002
12.240	0.002
12.250	-0.008
12.260	-0.008
12.270	-0.017
12.280	-0.018
12.290	-0.024
12.300	-0.024
12.310	-0.033
12.320	-0.029
12.330	-0.033
12.340	-0.032
12.350	-0.036
12.360	-0.033
12.370	-0.033
12.380	-0.029
12.390	-0.034
12.400	-0.025
12.410	-0.027
12.420	-0.020
12.430	-0.020
12.440	-0.013
12.450	-0.011
12.460	-0.001
12.470	-0.001
12.480	0.010
12.490	0.006
12.500	0.023
12.510	0.022
12.520	0.034
12.530	0.036
12.540	0.046
12.550	0.050
12.560	0.057
12.570	0.058
12.580	0.072
12.590	0.070
12.600	0.082
12.610	0.085
12.620	0.095
12.630	0.093
12.640	0.103
12.650	0.097
12.660	0.108
12.670	0.102
12.680	0.109
12.690	0.108
12.700	0.110
12.710	0.109
12.720	0.111
12.730	0.103
12.740	0.107
12.750	0.097
12.760	0.099
12.770	0.094
12.780	0.091
12.790	0.088
12.800	0.086
12.810	0.076
12.820	0.078
12.830	0.062
12.840	0.069
12.850	0.053
12.860	0.050
12.870	0.039
12.880	0.036
12.890	0.029
12.900	0.026
12.910	0.015
12.920	0.015
12.930	0.006
12.940	0.004
12.950	-0.008
12.960	-0.008
12.970	-0.015
12.980	-0.017
12.990	-0.026
13.000	-0.022
13.010	-0.032
13.020	-0.031
13.030	-0.033
13.040	-0.031
13.050	-0.036
13.060	-0.031
13.070	-0.036
13.080	-0.029
13.090	-0.033
13.100	-0.027
13.110	-0.023
13.120	-0.020
13.130	-0.019
13.140	-0.013
13.150	-0.006
13.160	-0.005
13.170	0.001
13.180	0.006
13.190	0.012
13.200	0.023
13.210	0.022
13.220	0.034
13.230	0.034
13.240	0.046
13.250	0.051
13.260	0.061
13.270	0.062
13.280	0.069
13.290	0.071
13.300	0.084
13.310	0.079
13.320	0.089
13.330	0.093
13.340	0.098
13.350	0.098
13.360	0.103
13.370	0.101
13.380	0.103
13.390	0.108
13.400	0.105
13.410	0.107
13.420	0.107
13.430	0.109
13.440	0.105
13.450	0.101
13.460	0.101
13.470	0.095
13.480	0.097
13.490	0.086
13.500	0.085
13.510	0.083
13.520	0.073
13.530	0.069
13.540	0.058
13.550	0.054
13.560	0.051
13.570	0.043
13.580	0.035
13.590	0.025
13.600	0.024
13.610	0.018
13.620	0.013
13.630	0.006
13.640	0.001
13.650	-0.004
13.660	-0.005
13.670	-0.013
13.680	-0.013
13.690	-0.023
13.700	-0.025
13.710	-0.027
13.720	-0.028
13.730	-0.032
13.740	-0.030
13.750	-0.031
13.760	-0.029
13.770	-0.029
13.780	-0.027
13.790	-0.028
13.800	-0.024
13.810	-0.023
13.820	-0.018
13.830	-0.013
13.840	-0.013
13.850	-0.009
13.860	0.002
13.870	0.001
13.880	0.008
13.890	0.013
13.900	0.018
13.910	0.022
13.920	0.031
13.930	0.037
13.940	0.047
13.950	0.048
13.960	0.053
13.970	0.060
13.980	0.066
13.990	0.069
14.000	0.076
14.010	0.081
14.020	0.088
14.030	0.086
14.040	0.093
14.050	0.091
14.060	0.095
14.070	0.098
14.080	0.103
14.090	0.104
14.100	0.107
14.110	0.105
14.120	0.104
14.130	0.104
14.140	0.103
14.150	0.104
14.160	0.100
14.170	0.095
14.180	0.097
14.190	0.084
14.200	0.079
14.210	0.079
14.220	0.073
14.230	0.071
14.240	0.069
14.250	0.061
14.260	0.057
14.270	0.049
14.280	0.046
14.290	0.039
14.300	0.034
14.310	0.027
14.320	0.017
14.330	0.016
14.340	0.015
14.350	0.010
14.360	0.002
14.370	-0.001
14.380	-0.004
14.390	-0.008
14.400	-0.008
14.410	-0.012
14.420	-0.013
14.430	-0.017
14.440	-0.015
14.450	-0.020
14.460	-0.020
14.470	-0.019
14.480	-0.018
14.490	-0.017
14.500	-0.013
14.510	-0.011
14.520	-0.008
14.530	-0.007
14.540	-0.003
14.550	0.005
14.560	0.006
14.570	0.011
14.580	0.013
14.590	0.019
14.600	0.023
14.610	0.027
14.620	0.034
14.630	0.041
14.640	0.043
14.650	0.050
14.660	0.057
14.670	0.058
14.680	0.064
14.690	0.072
14.700	0.072
14.710	0.078
14.720	0.083
14.730	0.083
14.740	0.085
14.750	0.090
14.760	0.093
14.770	0.091
14.780	0.093
14.790	0.096
14.800	0.097
14.810	0.095
14.820	0.094
14.830	0.094
14.840	0.097
14.850	0.090
14.860	0.089
14.870	0.086
14.880	0.085
14.890	0.076
14.900	0.074
14.910	0.074
14.920	0.069
14.930	0.067
14.940	0.058
14.950	0.055
14.960	0.046
14.970	0.043
14.980	0.036
14.990	0.032
15.000	0.028
15.010	0.025
15.020	0.018
15.030	0.013
15.040	0.009
15.050	0.005
15.060	-0.001
15.070	-0.004
15.080	-0.006
15.090	-0.010
15.100	-0.013
15.110	-0.015
15.120	-0.015
15.130	-0.019
15.140	-0.020
15.150	-0.021
15.160	-0.018
15.170	-0.019
15.180	-0.011
15.190	-0.014
15.200	-0.015
15.210	-0.013
15.220	-0.008
15.230	-0.005
15.240	-0.004
15.250	-0.001
15.260	0.008
15.270	0.011
15.280	0.015
15.290	0.022
15.300	0.024
15.310	0.027
15.320	0.036
15.330	0.040
15.340	0.046
15.350	0.048
15.360	0.055
15.370	0.060
15.380	0.064
15.390	0.066
15.400	0.071
15.410	0.075
15.420	0.081
15.430	0.084
15.440	0.086
15.450	0.088
15.460	0.085
15.470	0.091
15.480	0.095
15.490	0.095
15.500	0.093
15.510	0.091
15.520	0.091
15.530	0.092
15.540	0.091
15.550	0.090
15.560	0.091
15.570	0.088
15.580	0.081
15.590	0.079
15.600	0.071
15.610	0.069
15.620	0.068
15.630	0.060
15.640	0.058
15.650	0.056
15.660	0.051
15.670	0.043
15.680	0.038
15.690	0.032
15.700	0.029
15.710	0.023
15.720	0.021
15.730	0.013
15.740	0.013
15.750	0.015
15.760	0.002
15.770	0.001
15.780	-0.005
15.790	-0.006
15.800	-0.008
15.810	-0.007
15.820	-0.011
15.830	-0.012
15.840	-0.015
15.850	-0.014
15.860	-0.013
15.870	-0.013
15.880	-0.010
15.890	-0.012
15.900	-0.011
15.910	-0.008
15.920	-0.003
15.930	-0.003
15.940	-0.000
15.950	0.005
15.960	0.008
15.970	0.015
15.980	0.017
15.990	0.022
16.000	0.028
16.010	0.027
16.020	0.034
16.030	0.039
16.040	0.047
16.050	0.043
16.060	0.053
16.070	0.058
16.080	0.058
16.090	0.067
16.100	0.073
16.110	0.071
16.120	0.077
16.130	0.082
16.140	0.084
16.150	0.083
16.160	0.081
16.170	0.085
16.180	0.089
16.190	0.088
16.200	0.091
16.210	0.086
16.220	0.086
16.230	0.088
16.240	0.085
16.250	0.086
16.260	0.084
16.270	0.082
16.280	0.079
16.290	0.073
16.300	0.072
16.310	0.068
16.320	0.065
16.330	0.064
16.340	0.056
16.350	0.054
16.360	0.049
16.370	0.043
16.380	0.040
16.390	0.036
16.400	0.030
16.410	0.025
16.420	0.021
16.430	0.018
16.440	0.015
16.450	0.010
16.460	0.008
16.470	0.006
16.480	-0.003
16.490	-0.005
16.500	-0.003
16.510	-0.005
16.520	-0.004
16.530	-0.010
16.540	-0.012
16.550	-0.008
16.560	-0.006
16.570	-0.005
16.580	-0.005
16.590	-0.006
16.600	-0.002
16.610	-0.004
16.620	0.001
16.630	-0.001
16.640	0.009
16.650	0.009
16.660	0.013
16.670	0.015
16.680	0.023
16.690	0.027
16.700	0.027
16.710	0.032
16.720	0.036
16.730	0.039
16.740	0.041
16.750	0.052
16.760	0.050
16.770	0.057
16.780	0.059
16.790	0.058
16.800	0.068
16.810	0.072
16.820	0.072
16.830	0.074
16.840	0.079
16.850	0.078
16.860	0.080
16.870	0.081
16.880	0.083
16.890	0.083
16.900	0.083
16.910	0.081
16.920	0.084
16.930	0.081
16.940	0.081
16.950	0.079
16.960	0.081
16.970	0.075
16.980	0.072
16.990	0.069
17.000	0.069
17.010	0.070
17.020	0.060
17.030	0.058
17.040	0.054
17.050	0.050
17.060	0.046
17.070	0.043
17.080	0.038
17.090	0.033
17.100	0.025
17.110	0.025
17.120	0.020
17.130	0.019
17.140	0.016
17.150	0.009
17.160	0.008
17.170	0.004
17.180	0.003
17.190	0.001
17.200	-0.003
17.210	-0.007
17.220	-0.006
17.230	-0.010
17.240	-0.006
17.250	-0.008
17.260	-0.008
17.270	-0.005
17.280	-0.006
17.290	-0.005
17.300	0.001
17.310	-0.001
17.320	0.001
17.330	0.002
17.340	0.009
17.350	0.010
17.360	0.010
17.370	0.019
17.380	0.020
17.390	0.020
17.400	0.030
17.410	0.030
17.420	0.036
17.430	0.039
17.440	0.042
17.450	0.046
17.460	0.053
17.470	0.057
17.480	0.060
17.490	0.064
17.500	0.066
17.510	0.071
17.520	0.069
17.530	0.077
17.540	0.081
17.550	0.080
17.560	0.079
17.570	0.079
17.580	0.081
17.590	0.082
17.600	0.086
17.610	0.080
17.620	0.086
17.630	0.081
17.640	0.083
17.650	0.078
17.660	0.078
17.670	0.076
17.680	0.071
17.690	0.069
17.700	0.068
17.710	0.060
17.720	0.062
17.730	0.057
17.740	0.053
17.750	0.048
17.760	0.041
17.770	0.039
17.780	0.037
17.790	0.033
17.800	0.031
17.810	0.024
17.820	0.022
17.830	0.020
17.840	0.015
17.850	0.010
17.860	0.011
17.870	0.008
17.880	0.001
17.890	-0.001
17.900	-0.000
17.910	-0.003
17.920	-0.002
17.930	-0.007
17.940	-0.003
17.950	-0.005
17.960	-0.006
17.970	-0.003
17.980	-0.005
17.990	-0.003
18.000	-0.002
18.010	0.002
18.020	0.001
18.030	0.002
18.040	0.009
18.050	0.010
18.060	0.011
18.070	0.017
18.080	0.016
18.090	0.021
18.100	0.027
18.110	0.032
18.120	0.037
18.130	0.041
18.140	0.038
18.150	0.048
18.160	0.053
18.170	0.051
18.180	0.056
18.190	0.057
18.200	0.064
18.210	0.065
18.220	0.067
18.230	0.069
18.240	0.074
18.250	0.074
18.260	0.076
18.270	0.078
18.280	0.080
18.290	0.080
18.300	0.079
18.310	0.077
18.320	0.081
18.330	0.079
18.340	0.078
18.350	0.077
18.360	0.076
18.370	0.069
18.380	0.069
18.390	0.068
18.400	0.064
18.410	0.064
18.420	0.056
18.430	0.053
18.440	0.052
18.450	0.048
18.460	0.043
18.470	0.041
18.480	0.034
18.490	0.032
18.500	0.030
18.510	0.030
18.520	0.024
18.530	0.017
18.540	0.015
18.550	0.014
18.560	0.009
18.570	0.006
18.580	0.007
18.590	-0.001
18.600	-0.001
18.610	-0.003
18.620	0.002
18.630	-0.002
18.640	-0.001
18.650	-0.001
18.660	-0.001
18.670	-0.003
18.680	-0.000
18.690	-0.001
18.700	0.002
18.710	0.002
18.720	0.010
18.730	0.008
18.740	0.012
18.750	0.013
18.760	0.017
18.770	0.016
18.780	0.025
18.790	0.027
18.800	0.030
18.810	0.034
18.820	0.041
18.830	0.044
18.840	0.043
18.850	0.046
18.860	0.052
18.870	0.053
18.880	0.058
18.890	0.063
18.900	0.064
18.910	0.065
18.920	0.068
18.930	0.072
18.940	0.073
18.950	0.075
18.960	0.074
18.970	0.078
18.980	0.074
18.990	0.078
19.000	0.079
19.010	0.079
19.020	0.079
19.030	0.073
19.040	0.077
19.050	0.072
19.060	0.073
19.070	0.069
19.080	0.068
19.090	0.067
19.100	0.064
19.110	0.060
19.120	0.057
19.130	0.051
19.140	0.050
19.150	0.046
19.160	0.044
19.170	0.040
19.180	0.032
19.190	0.032
19.200	0.029
19.210	0.027
19.220	0.020
19.230	0.018
19.240	0.016
19.250	0.010
19.260	0.010
19.270	0.010
19.280	0.011
19.290	0.002
19.300	0.002
19.310	0.004
19.320	0.001
19.330	0.004
19.340	-0.003
19.350	0.002
19.360	-0.003
19.370	-0.000
19.380	0.002
19.390	0.005
19.400	0.002
19.410	0.008
19.420	0.009
19.430	0.008
19.440	0.013
19.450	0.018
19.460	0.019
19.470	0.022
19.480	0.028
19.490	0.027
19.500	0.027
19.510	0.035
19.520	0.035
19.530	0.039
19.540	0.046
19.550	0.045
19.560	0.053
19.570	0.053
19.580	0.059
19.590	0.058
19.600	0.064
19.610	0.067
19.620	0.066
19.630	0.069
19.640	0.072
19.650	0.074
19.660	0.077
19.670	0.078
19.680	0.075
19.690	0.077
19.700	0.078
19.710	0.078
19.720	0.078
19.730	0.077
19.740	0.079
19.750	0.071
19.760	0.073
19.770	0.068
19.780	0.066
19.790	0.063
19.800	0.060
19.810	0.058
19.820	0.056
19.830	0.052
19.840	0.049
19.850	0.046
19.860	0.043
19.870	0.034
19.880	0.033
19.890	0.030
19.900	0.034
19.910	0.028
19.920	0.022
19.930	0.023
19.940	0.020
19.950	0.012
19.960	0.008
19.970	0.008
19.980	0.009
19.990	0.005
20.000	0.004
20.010	0.002
20.020	-0.001
20.030	0.005
20.040	-0.000
20.050	-0.000
20.060	0.002
20.070	0.002
20.080	0.002
20.090	0.001
20.100	0.009
20.110	0.004
20.120	0.009
20.130	0.013
20.140	0.013
20.150	0.018
20.160	0.016
20.170	0.023
20.180	0.028
20.190	0.027
20.200	0.032
20.210	0.029
20.220	0.037
20.230	0.040
20.240	0.042
20.250	0.046
20.260	0.049
20.270	0.054
20.280	0.059
20.290	0.059
20.300	0.064
20.310	0.060
20.320	0.065
20.330	0.063
20.340	0.071
20.350	0.071
20.360	0.071
20.370	0.071
20.380	0.074
20.390	0.076
20.400	0.073
20.410	0.072
20.420	0.073
20.430	0.071
20.440	0.073
20.450	0.068
20.460	0.069
20.470	0.063
20.480	0.069
20.490	0.061
20.500	0.057
20.510	0.058
20.520	0.054
20.530	0.053
20.540	0.048
20.550	0.045
20.560	0.045
20.570	0.037
20.580	0.036
20.590	0.035
20.600	0.034
20.610	0.027
20.620	0.024
20.630	0.020
20.640	0.020
20.650	0.016
20.660	0.015
20.670	0.013
20.680	0.012
20.690	0.006
20.700	0.010
20.710	0.002
20.720	0.009
20.730	0.001
20.740	0.005
20.750	0.007
20.760	0.007
20.770	0.005
20.780	0.005
20.790	0.007
20.800	0.008
20.810	0.010
20.820	0.010
20.830	0.012
20.840	0.015
20.850	0.016
20.860	0.023
20.870	0.022
20.880	0.028
20.890	0.027
20.900	0.034
20.910	0.034
20.920	0.037
20.930	0.041
20.940	0.042
20.950	0.046
20.960	0.053
20.970	0.053
20.980	0.058
20.990	0.057
21.000	0.064
21.010	0.062
21.020	0.064
21.030	0.066
21.040	0.066
21.050	0.067
21.060	0.072
21.070	0.067
21.080	0.070
21.090	0.074
21.100	0.073
21.110	0.068
21.120	0.071
21.130	0.069
21.140	0.072
21.150	0.064
21.160	0.064
21.170	0.065
21.180	0.064
21.190	0.060
21.200	0.058
21.210	0.049
21.220	0.051
21.230	0.050
21.240	0.048
21.250	0.044
21.260	0.044
21.270	0.037
21.280	0.032
21.290	0.032
21.300	0.030
21.310	0.025
21.320	0.023
21.330	0.020
21.340	0.018
21.350	0.016
21.360	0.016
21.370	0.012
21.380	0.012
21.390	0.002
21.400	0.008
21.410	0.004
21.420	0.011
21.430	0.002
21.440	0.005
21.450	0.005
21.460	0.007
21.470	0.010
21.480	0.009
21.490	0.008
21.500	0.013
21.510	0.013
21.520	0.015
21.530	0.017
21.540	0.018
21.550	0.019
21.560	0.023
21.570	0.028
21.580	0.032
21.590	0.032
21.600	0.037
21.610	0.037
21.620	0.041
21.630	0.039
21.640	0.046
21.650	0.048
21.660	0.053
21.670	0.051
21.680	0.056
21.690	0.058
21.700	0.065
21.710	0.065
21.720	0.065
21.730	0.064
21.740	0.072
21.750	0.067
21.760	0.072
21.770	0.069
21.780	0.073
21.790	0.073
21.800	0.069
21.810	0.071
21.820	0.071
21.830	0.066
21.840	0.067
21.850	0.065
21.860	0.067
21.870	0.061
21.880	0.061
21.890	0.054
21.900	0.060
21.910	0.053
21.920	0.051
21.930	0.051
21.940	0.049
21.950	0.039
21.960	0.041
21.970	0.035
21.980	0.037
21.990	0.030
22.000	0.030
22.010	0.025
22.020	0.023
22.030	0.017
22.040	0.018
22.050	0.015
22.060	0.015
22.070	0.011
22.080	0.015
22.090	0.006
22.100	0.008
22.110	0.008
22.120	0.009
22.130	0.003
22.140	0.006
22.150	0.004
22.160	0.007
22.170	0.005
22.180	0.009
22.190	0.008
22.200	0.012
22.210	0.011
22.220	0.016
22.230	0.012
22.240	0.020
22.250	0.016
22.260	0.023
22.270	0.020
22.280	0.031
22.290	0.030
22.300	0.032
22.310	0.032
22.320	0.040
22.330	0.038
22.340	0.046
22.350	0.046
22.360	0.057
22.370	0.051
22.380	0.056
22.390	0.054
22.400	0.062
22.410	0.059
22.420	0.063
22.430	0.062
22.440	0.066
22.450	0.064
22.460	0.071
22.470	0.066
22.480	0.069
22.490	0.068
22.500	0.069
22.510	0.067
22.520	0.069
22.530	0.065
22.540	0.067
22.550	0.058
22.560	0.062
22.570	0.057
22.580	0.058
22.590	0.054
22.600	0.058
22.610	0.052
22.620	0.050
22.630	0.048
22.640	0.046
22.650	0.043
22.660	0.039
22.670	0.037
22.680	0.036
22.690	0.028
22.700	0.029
22.710	0.023
22.720	0.025
22.730	0.018
22.740	0.018
22.750	0.015
22.760	0.017
22.770	0.015
22.780	0.015
22.790	0.008
22.800	0.009
22.810	0.008
22.820	0.011
22.830	0.008
22.840	0.010
22.850	0.005
22.860	0.012
22.870	0.008
22.880	0.015
22.890	0.013
22.900	0.015
22.910	0.006
22.920	0.019
22.930	0.015
22.940	0.020
22.950	0.016
22.960	0.025
22.970	0.021
22.980	0.033
22.990	0.027
23.000	0.038
23.010	0.034
23.020	0.039
23.030	0.041
23.040	0.049
23.050	0.048
23.060	0.051
23.070	0.050
23.080	0.053
23.090	0.059
23.100	0.057
23.110	0.058
23.120	0.060
23.130	0.064
23.140	0.064
23.150	0.062
23.160	0.067
23.170	0.067
23.180	0.065
23.190	0.060
23.200	0.069
23.210	0.064
23.220	0.067
23.230	0.062
23.240	0.066
23.250	0.058
23.260	0.064
23.270	0.052
23.280	0.057
23.290	0.048
23.300	0.053
23.310	0.046
23.320	0.048
23.330	0.048
23.340	0.043
23.350	0.038
23.360	0.041
23.370	0.032
23.380	0.034
23.390	0.030
23.400	0.029
23.410	0.021
23.420	0.023
23.430	0.018
23.440	0.021
23.450	0.013
23.460	0.016
23.470	0.008
23.480	0.013
23.490	0.007
23.500	0.006
23.510	0.008
23.520	0.010
23.530	0.005
23.540	0.015
23.550	0.004
23.560	0.009
23.570	0.007
23.580	0.015
23.590	0.012
23.600	0.015
23.610	0.012
23.620	0.014
23.630	0.017
23.640	0.023
23.650	0.017
23.660	0.024
23.670	0.023
23.680	0.030
23.690	0.035
23.700	0.039
23.710	0.038
23.720	0.044
23.730	0.043
23.740	0.048
23.750	0.048
23.760	0.055
23.770	0.053
23.780	0.055
23.790	0.058
23.800	0.058
23.810	0.060
23.820	0.064
23.830	0.064
23.840	0.065
23.850	0.061
23.860	0.071
23.870	0.065
23.880	0.072
23.890	0.064
23.900	0.071
23.910	0.064
23.920	0.067
23.930	0.066
23.940	0.064
23.950	0.062
23.960	0.064
23.970	0.056
23.980	0.057
23.990	0.054
24.000	0.053
24.010	0.046
24.020	0.046
24.030	0.043
24.040	0.043
24.050	0.036
24.060	0.039
24.070	0.032
24.080	0.034
24.090	0.028
24.100	0.027
24.110	0.022
24.120	0.025
24.130	0.016
24.140	0.019
24.150	0.013
24.160	0.013
24.170	0.011
24.180	0.014
24.190	0.009
24.200	0.012
24.210	0.011
24.220	0.010
24.230	0.008
24.240	0.012
24.250	0.004
24.260	0.009
24.270	0.004
24.280	0.009
24.290	0.012
24.300	0.015
24.310	0.013
24.320	0.017
24.330	0.019
24.340	0.022
24.350	0.020
24.360	0.023
24.370	0.029
24.380	0.034
24.390	0.033
24.400	0.032
24.410	0.035
24.420	0.046
24.430	0.042
24.440	0.050
24.450	0.047
24.460	0.050
24.470	0.049
24.480	0.054
24.490	0.054
24.500	0.057
24.510	0.060
24.520	0.062
24.530	0.064
24.540	0.066
24.550	0.062
24.560	0.069
24.570	0.067
24.580	0.067
24.590	0.067
24.600	0.069
24.610	0.061
24.620	0.067
24.630	0.062
24.640	0.065
24.650	0.062
24.660	0.060
24.670	0.057
24.680	0.060
24.690	0.055
24.700	0.053
24.710	0.052
24.720	0.053
24.730	0.047
24.740	0.044
24.750	0.037
24.760	0.044
24.770	0.033
24.780	0.035
24.790	0.027
24.800	0.030
24.810	0.028
24.820	0.023
24.830	0.019
24.840	0.020
24.850	0.017
24.860	0.017
24.870	0.016
24.880	0.015
24.890	0.009
24.900	0.014
24.910	0.005
24.920	0.015
24.930	0.008
24.940	0.011
24.950	0.008
24.960	0.011
24.970	0.015
24.980	0.016
24.990	0.013
25.000	0.013
25.010	0.013
25.020	0.020
25.030	0.020
25.040	0.023
25.050	0.020
25.060	0.025
25.070	0.027
25.080	0.030
25.090	0.027
25.100	0.038
25.110	0.035
25.120	0.043
25.130	0.043
25.140	0.046
25.150	0.046
25.160	0.050
25.170	0.048
25.180	0.058
25.190	0.056
25.200	0.060
25.210	0.057
25.220	0.061
25.230	0.064
25.240	0.062
25.250	0.061
25.260	0.065
25.270	0.064
25.280	0.065
25.290	0.066
25.300	0.065
25.310	0.062
25.320	0.064
25.330	0.057
25.340	0.063
25.350	0.060
25.360	0.058
25.370	0.053
25.380	0.055
25.390	0.051
25.400	0.049
25.410	0.050
25.420	0.047
25.430	0.044
25.440	0.042
25.450	0.043
25.460	0.037
25.470	0.032
25.480	0.030
25.490	0.027
25.500	0.027
25.510	0.025
25.520	0.020
25.530	0.025
25.540	0.020
25.550	0.012
25.560	0.022
25.570	0.018
25.580	0.012
25.590	0.013
25.600	0.015
25.610	0.008
25.620	0.011
25.630	0.007
25.640	0.009
25.650	0.011
25.660	0.013
25.670	0.008
25.680	0.014
25.690	0.013
25.700	0.018
25.710	0.018
25.720	0.020
25.730	0.015
25.740	0.024
25.750	0.025
25.760	0.027
25.770	0.032
25.780	0.032
25.790	0.034
25.800	0.038
25.810	0.040
25.820	0.047
25.830	0.044
25.840	0.050
25.850	0.050
25.860	0.053
25.870	0.053
25.880	0.051
25.890	0.057
25.900	0.058
25.910	0.060
25.920	0.065
25.930	0.062
25.940	0.061
25.950	0.061
25.960	0.061
25.970	0.063
25.980	0.069
25.990	0.064
26.000	0.065
26.010	0.063
26.020	0.062
26.030	0.063
26.040	0.062
26.050	0.060
26.060	0.064
26.070	0.055
26.080	0.058
26.090	0.052
26.100	0.048
26.110	0.049
26.120	0.050
26.130	0.044
26.140	0.043
26.150	0.037
26.160	0.036
26.170	0.034
26.180	0.033
26.190	0.033
26.200	0.028
26.210	0.028
26.220	0.020
26.230	0.024
26.240	0.016
26.250	0.019
26.260	0.017
26.270	0.015
26.280	0.013
26.290	0.011
26.300	0.010
26.310	0.009
26.320	0.013
26.330	0.009
26.340	0.009
26.350	0.008
26.360	0.011
26.370	0.013
26.380	0.015
26.390	0.014
26.400	0.018
26.410	0.016
26.420	0.018
26.430	0.019
26.440	0.025
26.450	0.025
26.460	0.030
26.470	0.030
26.480	0.033
26.490	0.037
26.500	0.038
26.510	0.038
26.520	0.041
26.530	0.046
26.540	0.045
26.550	0.050
26.560	0.056
26.570	0.052
26.580	0.056
26.590	0.058
26.600	0.060
26.610	0.063
26.620	0.062
26.630	0.062
26.640	0.066
26.650	0.067
26.660	0.065
26.670	0.065
26.680	0.064
26.690	0.067
26.700	0.065
26.710	0.062
26.720	0.064
26.730	0.060
26.740	0.064
26.750	0.062
26.760	0.056
26.770	0.057
26.780	0.055
26.790	0.055
26.800	0.053
26.810	0.048
26.820	0.046
26.830	0.044
26.840	0.043
26.850	0.037
26.860	0.036
26.870	0.034
26.880	0.028
26.890	0.029
26.900	0.027
26.910	0.022
26.920	0.022
26.930	0.022
26.940	0.016
26.950	0.017
26.960	0.016
26.970	0.015
26.980	0.016
26.990	0.012
27.000	0.013
27.010	0.014
27.020	0.012
27.030	0.012
27.040	0.009
27.050	0.013
27.060	0.013
27.070	0.016
27.080	0.016
27.090	0.016
27.100	0.017
27.110	0.018
27.120	0.020
27.130	0.020
27.140	0.027
27.150	0.025
27.160	0.029
27.170	0.029
27.180	0.032
27.190	0.038
27.200	0.035
27.210	0.037
27.220	0.038
27.230	0.046
27.240	0.046
27.250	0.049
27.260	0.051
27.270	0.049
27.280	0.051
27.290	0.057
27.300	0.061
27.310	0.057
27.320	0.058
27.330	0.061
27.340	0.060
27.350	0.067
27.360	0.064
27.370	0.067
27.380	0.065
27.390	0.064
27.400	0.065
27.410	0.061
27.420	0.064
27.430	0.064
27.440	0.058
27.450	0.058
27.460	0.053
27.470	0.056
27.480	0.052
27.490	0.050
27.500	0.049
27.510	0.048
27.520	0.047
27.530	0.043
27.540	0.041
27.550	0.038
27.560	0.033
27.570	0.036
27.580	0.031
27.590	0.030
27.600	0.032
27.610	0.029
27.620	0.025
27.630	0.023
27.640	0.023
27.650	0.020
27.660	0.017
27.670	0.023
27.680	0.015
27.690	0.016
27.700	0.017
27.710	0.012
27.720	0.015
27.730	0.014
27.740	0.013
27.750	0.015
27.760	0.012
27.770	0.018
27.780	0.016
27.790	0.017
27.800	0.020
27.810	0.019
27.820	0.021
27.830	0.023
27.840	0.025
27.850	0.029
27.860	0.029
27.870	0.033
27.880	0.038
27.890	0.041
27.900	0.038
27.910	0.044
27.920	0.045
27.930	0.043
27.940	0.046
27.950	0.048
27.960	0.050
27.970	0.058
27.980	0.060
27.990	0.062
28.000	0.058
28.010	0.062
28.020	0.058
28.030	0.062
28.040	0.062
28.050	0.063
28.060	0.062
28.070	0.068
28.080	0.064
28.090	0.065
28.100	0.063
28.110	0.064
28.120	0.058
28.130	0.060
28.140	0.054
28.150	0.055
28.160	0.056
28.170	0.057
28.180	0.050
28.190	0.053
28.200	0.051
28.210	0.047
28.220	0.042
28.230	0.046
28.240	0.037
28.250	0.041
28.260	0.037
28.270	0.037
28.280	0.028
28.290	0.029
28.300	0.027
28.310	0.024
28.320	0.020
28.330	0.025
28.340	0.017
28.350	0.016
28.360	0.021
28.370	0.017
28.380	0.014
28.390	0.013
28.400	0.013
28.410	0.015
28.420	0.014
28.430	0.016
28.440	0.009
28.450	0.018
28.460	0.016
28.470	0.015
28.480	0.011
28.490	0.019
28.500	0.016
28.510	0.020
28.520	0.022
28.530	0.023
28.540	0.027
28.550	0.029
28.560	0.027
28.570	0.032
28.580	0.029
28.590	0.037
28.600	0.036
28.610	0.042
28.620	0.039
28.630	0.046
28.640	0.044
28.650	0.053
28.660	0.049
28.670	0.053
28.680	0.056
28.690	0.058
28.700	0.055
28.710	0.062
28.720	0.062
28.730	0.064
28.740	0.061
28.750	0.063
28.760	0.062
28.770	0.065
28.780	0.061
28.790	0.066
28.800	0.060
28.810	0.062
28.820	0.060
28.830	0.062
28.840	0.055
28.850	0.057
28.860	0.052
28.870	0.056
28.880	0.051
28.890	0.049
28.900	0.050
28.910	0.046
28.920	0.043
28.930	0.046
28.940	0.041
28.950	0.041
28.960	0.034
28.970	0.035
28.980	0.033
28.990	0.030
29.000	0.028
29.010	0.029
29.020	0.025
29.030	0.022
29.040	0.019
29.050	0.022
29.060	0.017
29.070	0.017
29.080	0.015
29.090	0.017
29.100	0.013
29.110	0.012
29.120	0.011
29.130	0.015
29.140	0.012
29.150	0.010
29.160	0.014
29.170	0.016
29.180	0.018
29.190	0.017
29.200	0.018
29.210	0.020
29.220	0.016
29.230	0.026
29.240	0.020
29.250	0.027
29.260	0.027
29.270	0.032
29.280	0.028
29.290	0.036
29.300	0.035
29.310	0.039
29.320	0.042
29.330	0.043
29.340	0.042
29.350	0.048
29.360	0.049
29.370	0.049
29.380	0.050
29.390	0.053
29.400	0.053
29.410	0.061
29.420	0.056
29.430	0.060
29.440	0.055
29.450	0.060
29.460	0.059
29.470	0.060
29.480	0.056
29.490	0.059
29.500	0.054
29.510	0.058
29.520	0.055
29.530	0.056
29.540	0.051
29.550	0.057
29.560	0.050
29.570	0.052
29.580	0.047
29.590	0.053
29.600	0.044
29.610	0.044
29.620	0.044
29.630	0.046
29.640	0.038
29.650	0.038
29.660	0.038
29.670	0.036
29.680	0.032
29.690	0.032
29.700	0.026
29.710	0.030
29.720	0.022
29.730	0.024
29.740	0.016
29.750	0.020
29.760	0.014
29.770	0.015
29.780	0.015
29.790	0.020
29.800	0.013
29.810	0.017
29.820	0.013
29.830	0.020
29.840	0.011
29.850	0.021
29.860	0.015
29.870	0.018
29.880	0.016
29.890	0.025
29.900	0.020
29.910	0.023
29.920	0.022
29.930	0.026
29.940	0.025
29.950	0.032
29.960	0.028
29.970	0.034
29.980	0.032
29.990	0.037
30.000	0.038
30.010	0.041
30.020	0.039
30.030	0.046
30.040	0.046
30.050	0.050
30.060	0.048
30.070	0.053
30.080	0.053
30.090	0.058
30.100	0.051
30.110	0.056
30.120	0.057
30.130	0.058
30.140	0.055
30.150	0.063
30.160	0.055
30.170	0.060
30.180	0.057
30.190	0.059
30.200	0.055
30.210	0.059
30.220	0.056
30.230	0.058
30.240	0.056
30.250	0.056
30.260	0.049
30.270	0.055
30.280	0.047
30.290	0.053
30.300	0.044
30.310	0.046
30.320	0.039
30.330	0.040
30.340	0.032
30.350	0.040
30.360	0.033
30.370	0.030
30.380	0.027
30.390	0.029
30.400	0.023
30.410	0.023
30.420	0.020
30.430	0.026
30.440	0.016
30.450	0.018
30.460	0.013
30.470	0.018
30.480	0.013
30.490	0.020
30.500	0.013
30.510	0.018
30.520	0.013
30.530	0.018
30.540	0.011
30.550	0.019
30.560	0.015
30.570	0.018
30.580	0.019
30.590	0.018
30.600	0.015
30.610	0.024
30.620	0.018
30.630	0.025
30.640	0.027
30.650	0.032
30.660	0.029
30.670	0.033
30.680	0.032
30.690	0.035
30.700	0.034
30.710	0.040
30.720	0.038
30.730	0.046
30.740	0.045
30.750	0.052
30.760	0.046
30.770	0.051
30.780	0.051
30.790	0.056
30.800	0.052
30.810	0.058
30.820	0.056
30.830	0.058
30.840	0.058
30.850	0.059
30.860	0.054
30.870	0.065
30.880	0.058
30.890	0.063
30.900	0.058
30.910	0.059
30.920	0.055
30.930	0.058
30.940	0.048
30.950	0.056
30.960	0.051
30.970	0.053
30.980	0.051
30.990	0.049
31.000	0.048
31.010	0.051
31.020	0.039
31.030	0.043
31.040	0.038
31.050	0.043
31.060	0.035
31.070	0.034
31.080	0.030
31.090	0.031
31.100	0.029
31.110	0.028
31.120	0.023
31.130	0.027
31.140	0.021
31.150	0.026
31.160	0.018
31.170	0.023
31.180	0.018
31.190	0.020
31.200	0.015
31.210	0.020
31.220	0.012
31.230	0.021
31.240	0.015
31.250	0.022
31.260	0.015
31.270	0.025
31.280	0.016
31.290	0.025
31.300	0.018
31.310	0.029
31.320	0.023
31.330	0.029
31.340	0.020
31.350	0.035
31.360	0.031
31.370	0.038
31.380	0.031
31.390	0.040
31.400	0.037
31.410	0.041
31.420	0.037
31.430	0.048
31.440	0.047
31.450	0.051
31.460	0.046
31.470	0.050
31.480	0.050
31.490	0.055
31.500	0.053
31.510	0.058
31.520	0.057
31.530	0.057
31.540	0.054
31.550	0.061
31.560	0.057
31.570	0.058
31.580	0.056
31.590	0.060
31.600	0.058
31.610	0.058
31.620	0.055
31.630	0.064
31.640	0.051
31.650	0.052
31.660	0.050
31.670	0.056
31.680	0.052
31.690	0.055
31.700	0.047
31.710	0.047
31.720	0.041
31.730	0.045
31.740	0.038
31.750	0.041
31.760	0.034
31.770	0.036
31.780	0.034
31.790	0.031
31.800	0.027
31.810	0.029
31.820	0.027
31.830	0.029
31.840	0.022
31.850	0.025
31.860	0.020
31.870	0.027
31.880	0.023
31.890	0.020
31.900	0.017
31.910	0.022
31.920	0.016
31.930	0.025
31.940	0.020
31.950	0.023
31.960	0.019
31.970	0.022
31.980	0.023
31.990	0.022
32.000	0.020
32.010	0.028
32.020	0.027
32.030	0.030
32.040	0.028
32.050	0.034
32.060	0.032
32.070	0.039
32.080	0.033
32.090	0.039
32.100	0.038
32.110	0.048
32.120	0.044
32.130	0.049
32.140	0.046
32.150	0.048
32.160	0.047
32.170	0.053
32.180	0.049
32.190	0.053
32.200	0.050
32.210	0.057
32.220	0.053
32.230	0.058
32.240	0.055
32.250	0.060
32.260	0.054
32.270	0.061
32.280	0.052
32.290	0.058
32.300	0.056
32.310	0.053
32.320	0.055
32.330	0.053
32.340	0.053
32.350	0.054
32.360	0.049
32.370	0.048
32.380	0.050
32.390	0.049
32.400	0.045
32.410	0.044
32.420	0.043
32.430	0.041
32.440	0.035
32.450	0.037
32.460	0.030
32.470	0.039
32.480	0.033
32.490	0.031
32.500	0.027
32.510	0.032
32.520	0.018
32.530	0.026
32.540	0.022
32.550	0.025
32.560	0.020
32.570	0.025
32.580	0.020
32.590	0.017
32.600	0.020
32.610	0.023
32.620	0.019
32.630	0.020
32.640	0.017
32.650	0.022
32.660	0.021
32.670	0.020
32.680	0.022
32.690	0.026
32.700	0.023
32.710	0.026
32.720	0.025
32.730	0.029
32.740	0.029
32.750	0.032
32.760	0.034
32.770	0.034
32.780	0.036
32.790	0.037
32.800	0.037
32.810	0.043
32.820	0.041
32.830	0.043
32.840	0.046
32.850	0.051
32.860	0.048
32.870	0.051
32.880	0.056
32.890	0.054
32.900	0.051
32.910	0.056
32.920	0.058
32.930	0.057
32.940	0.053
32.950	0.056
32.960	0.060
32.970	0.058
32.980	0.056
32.990	0.060
33.000	0.055
33.010	0.057
33.020	0.053
33.030	0.057
33.040	0.056
33.050	0.048
33.060	0.050
33.070	0.055
33.080	0.053
33.090	0.046
33.100	0.044
33.110	0.044
33.120	0.047
33.130	0.040
33.140	0.038
33.150	0.035
33.160	0.038
33.170	0.036
33.180	0.032
33.190	0.036
33.200	0.027
33.210	0.027
33.220	0.027
33.230	0.025
33.240	0.023
33.250	0.022
33.260	0.023
33.270	0.025
33.280	0.017
33.290	0.023
33.300	0.015
33.310	0.023
33.320	0.015
33.330	0.021
33.340	0.022
33.350	0.023
33.360	0.023
33.370	0.022
33.380	0.022
33.390	0.023
33.400	0.028
33.410	0.028
33.420	0.027
33.430	0.029
33.440	0.023
33.450	0.032
33.460	0.033
33.470	0.036
33.480	0.040
33.490	0.039
33.500	0.041
33.510	0.041
33.520	0.043
33.530	0.044
33.540	0.050
33.550	0.048
33.560	0.050
33.570	0.046
33.580	0.048
33.590	0.051
33.600	0.053
33.610	0.050
33.620	0.059
33.630	0.056
33.640	0.056
33.650	0.055
33.660	0.058
33.670	0.055
33.680	0.053
33.690	0.052
33.700	0.052
33.710	0.053
33.720	0.053
33.730	0.054
33.740	0.051
33.750	0.051
33.760	0.048
33.770	0.045
33.780	0.049
33.790	0.048
33.800	0.041
33.810	0.043
33.820	0.039
33.830	0.038
33.840	0.042
33.850	0.039
33.860	0.038
33.870	0.032
33.880	0.036
33.890	0.029
33.900	0.032
33.910	0.029
33.920	0.029
33.930	0.027
33.940	0.023
33.950	0.025
33.960	0.023
33.970	0.020
33.980	0.017
33.990	0.023
34.000	0.019
34.010	0.020
34.020	0.020
34.030	0.023
34.040	0.024
34.050	0.020
34.060	0.020
34.070	0.027
34.080	0.022
34.090	0.023
34.100	0.027
34.110	0.029
34.120	0.024
34.130	0.032
34.140	0.032
34.150	0.030
34.160	0.034
34.170	0.037
34.180	0.038
34.190	0.041
34.200	0.040
34.210	0.040
34.220	0.045
34.230	0.048
34.240	0.048
34.250	0.044
34.260	0.046
34.270	0.046
34.280	0.049
34.290	0.052
34.300	0.052
34.310	0.053
34.320	0.051
34.330	0.057
34.340	0.056
34.350	0.057
34.360	0.055
34.370	0.054
34.380	0.055
34.390	0.055
34.400	0.056
34.410	0.054
34.420	0.051
34.430	0.050
34.440	0.051
34.450	0.054
34.460	0.048
34.470	0.049
34.480	0.046
34.490	0.043
34.500	0.041
34.510	0.042
34.520	0.041
34.530	0.037
34.540	0.039
34.550	0.037
34.560	0.034
34.570	0.033
34.580	0.029
34.590	0.030
34.600	0.025
34.610	0.027
34.620	0.028
34.630	0.023
34.640	0.020
34.650	0.022
34.660	0.022
34.670	0.021
34.680	0.018
34.690	0.020
34.700	0.018
34.710	0.018
34.720	0.019
34.730	0.020
34.740	0.017
34.750	0.024
34.760	0.018
34.770	0.023
34.780	0.023
34.790	0.023
34.800	0.026
34.810	0.030
34.820	0.023
34.830	0.029
34.840	0.029
34.850	0.030
34.860	0.034
34.870	0.038
34.880	0.035
34.890	0.042
34.900	0.038
34.910	0.041
34.920	0.043
34.930	0.048
34.940	0.048
34.950	0.045
34.960	0.047
34.970	0.048
34.980	0.053
34.990	0.051
35.000	0.050
35.010	0.053
35.020	0.051
35.030	0.053
35.040	0.058
35.050	0.058
35.060	0.055
35.070	0.058
35.080	0.053
35.090	0.053
35.100	0.051
35.110	0.051
35.120	0.056
35.130	0.051
35.140	0.051
35.150	0.050
35.160	0.048
35.170	0.052
35.180	0.048
35.190	0.046
35.200	0.043
35.210	0.047
35.220	0.038
35.230	0.037
35.240	0.035
35.250	0.034
35.260	0.033
35.270	0.034
35.280	0.032
35.290	0.031
35.300	0.027
35.310	0.029
35.320	0.025
35.330	0.023
35.340	0.023
35.350	0.022
35.360	0.023
35.370	0.019
35.380	0.023
35.390	0.018
35.400	0.022
35.410	0.022
35.420	0.018
35.430	0.022
35.440	0.020
35.450	0.023
35.460	0.025
35.470	0.020
35.480	0.020
35.490	0.027
35.500	0.029
35.510	0.025
35.520	0.028
35.530	0.031
35.540	0.029
35.550	0.032
35.560	0.037
35.570	0.036
35.580	0.040
35.590	0.039
35.600	0.038
35.610	0.044
35.620	0.039
35.630	0.044
35.640	0.044
35.650	0.044
35.660	0.050
35.670	0.051
35.680	0.050
35.690	0.050
35.700	0.055
35.710	0.053
35.720	0.057
35.730	0.056
35.740	0.053
35.750	0.055
35.760	0.052
35.770	0.055
35.780	0.054
35.790	0.055
35.800	0.050
35.810	0.050
35.820	0.050
35.830	0.050
35.840	0.048
35.850	0.050
35.860	0.047
35.870	0.048
35.880	0.044
35.890	0.042
35.900	0.042
35.910	0.043
35.920	0.040
35.930	0.039
35.940	0.037
35.950	0.037
35.960	0.037
35.970	0.033
35.980	0.032
35.990	0.030
36.000	0.029
36.010	0.027
36.020	0.027
36.030	0.022
36.040	0.025
36.050	0.023
36.060	0.023
36.070	0.027
36.080	0.020
36.090	0.022
36.100	0.018
36.110	0.020
36.120	0.018
36.130	0.023
36.140	0.025
36.150	0.022
