10.000	-0.683
10.010	-0.694
10.020	-0.702
10.030	-0.699
10.040	-0.702
10.050	-0.691
10.060	-0.684
10.070	-0.669
10.080	-0.644
10.090	-0.609
10.100	-0.578
10.110	-0.541
10.120	-0.502
10.130	-0.457
10.140	-0.396
10.150	-0.357
10.160	-0.302
10.170	-0.246
10.180	-0.195
10.190	-0.136
10.200	-0.083
10.210	-0.022
10.220	0.035
10.230	0.091
10.240	0.150
10.250	0.196
10.260	0.239
10.270	0.287
10.280	0.325
10.290	0.369
10.300	0.399
10.310	0.424
10.320	0.449
10.330	0.469
10.340	0.483
10.350	0.490
10.360	0.488
10.370	0.487
10.380	0.478
10.390	0.462
10.400	0.443
10.410	0.417
10.420	0.389
10.430	0.359
10.440	0.317
10.450	0.280
10.460	0.230
10.470	0.188
10.480	0.132
10.490	0.082
10.500	0.022
10.510	-0.040
10.520	-0.094
10.530	-0.145
10.540	-0.213
10.550	-0.260
10.560	-0.322
10.570	-0.367
10.580	-0.420
10.590	-0.466
10.600	-0.507
10.610	-0.545
10.620	-0.587
10.630	-0.612
10.640	-0.648
10.650	-0.669
10.660	-0.685
10.670	-0.693
10.680	-0.702
10.690	-0.699
10.700	-0.700
10.710	-0.685
10.720	-0.670
10.730	-0.645
10.740	-0.620
10.750	-0.591
10.760	-0.555
10.770	-0.512
10.780	-0.478
10.790	-0.424
10.800	-0.379
10.810	-0.321
10.820	-0.268
10.830	-0.202
10.840	-0.155
10.850	-0.098
10.860	-0.047
10.870	0.016
10.880	0.072
10.890	0.127
10.900	0.172
10.910	0.227
10.920	0.265
10.930	0.313
10.940	0.348
10.950	0.387
10.960	0.415
10.970	0.441
10.980	0.455
10.990	0.472
11.000	0.476
11.010	0.486
11.020	0.485
11.030	0.483
11.040	0.463
11.050	0.450
11.060	0.422
11.070	0.391
11.080	0.364
11.090	0.329
11.100	0.287
11.110	0.240
11.120	0.196
11.130	0.146
11.140	0.093
11.150	0.044
11.160	-0.015
11.170	-0.069
11.180	-0.125
11.190	-0.181
11.200	-0.239
11.210	-0.291
11.220	-0.350
11.230	-0.395
11.240	-0.447
11.250	-0.489
11.260	-0.533
11.270	-0.566
11.280	-0.604
11.290	-0.629
11.300	-0.650
11.310	-0.671
11.320	-0.688
11.330	-0.689
11.340	-0.696
11.350	-0.690
11.360	-0.689
11.370	-0.672
11.380	-0.653
11.390	-0.627
11.400	-0.597
11.410	-0.569
11.420	-0.536
11.430	-0.483
11.440	-0.443
11.450	-0.396
11.460	-0.346
11.470	-0.293
11.480	-0.239
11.490	-0.179
11.500	-0.129
11.510	-0.069
11.520	-0.017
11.530	0.039
11.540	0.091
11.550	0.155
11.560	0.196
11.570	0.243
11.580	0.287
11.590	0.326
11.600	0.361
11.610	0.398
11.620	0.420
11.630	0.445
11.640	0.463
11.650	0.480
11.660	0.479
11.670	0.483
11.680	0.478
11.690	0.473
11.700	0.451
11.710	0.440
11.720	0.409
11.730	0.383
11.740	0.344
11.750	0.312
11.760	0.270
11.770	0.231
11.780	0.173
11.790	0.130
11.800	0.071
11.810	0.019
11.820	-0.036
11.830	-0.097
11.840	-0.153
11.850	-0.207
11.860	-0.262
11.870	-0.318
11.880	-0.367
11.890	-0.415
11.900	-0.462
11.910	-0.504
11.920	-0.545
11.930	-0.581
11.940	-0.616
11.950	-0.643
11.960	-0.662
11.970	-0.674
11.980	-0.691
11.990	-0.694
12.000	-0.694
12.010	-0.689
12.020	-0.673
12.030	-0.655
12.040	-0.644
12.050	-0.615
12.060	-0.584
12.070	-0.548
12.080	-0.506
12.090	-0.461
12.100	-0.414
12.110	-0.375
12.120	-0.322
12.130	-0.266
12.140	-0.214
12.150	-0.157
12.160	-0.098
12.170	-0.045
12.180	0.009
12.190	0.064
12.200	0.116
12.210	0.174
12.220	0.217
12.230	0.259
12.240	0.305
12.250	0.339
12.260	0.369
12.270	0.406
12.280	0.425
12.290	0.450
12.300	0.458
12.310	0.470
12.320	0.476
12.330	0.476
12.340	0.467
12.350	0.459
12.360	0.440
12.370	0.416
12.380	0.389
12.390	0.360
12.400	0.323
12.410	0.282
12.420	0.241
12.430	0.196
12.440	0.143
12.450	0.093
12.460	0.041
12.470	-0.008
12.480	-0.064
12.490	-0.125
12.500	-0.183
12.510	-0.236
12.520	-0.291
12.530	-0.341
12.540	-0.387
12.550	-0.443
12.560	-0.489
12.570	-0.528
12.580	-0.567
12.590	-0.594
12.600	-0.622
12.610	-0.648
12.620	-0.669
12.630	-0.685
12.640	-0.690
12.650	-0.687
12.660	-0.685
12.670	-0.679
12.680	-0.665
12.690	-0.649
12.700	-0.623
12.710	-0.593
12.720	-0.560
12.730	-0.519
12.740	-0.479
12.750	-0.440
12.760	-0.393
12.770	-0.344
12.780	-0.286
12.790	-0.227
12.800	-0.176
12.810	-0.122
12.820	-0.064
12.830	-0.010
12.840	0.043
12.850	0.100
12.860	0.151
12.870	0.198
12.880	0.242
12.890	0.288
12.900	0.325
12.910	0.363
12.920	0.396
12.930	0.418
12.940	0.443
12.950	0.455
12.960	0.470
12.970	0.472
12.980	0.478
12.990	0.472
13.000	0.460
13.010	0.450
13.020	0.424
13.030	0.399
13.040	0.378
13.050	0.340
13.060	0.304
13.070	0.265
13.080	0.215
13.090	0.165
13.100	0.116
13.110	0.064
13.120	0.008
13.130	-0.042
13.140	-0.101
13.150	-0.164
13.160	-0.212
13.170	-0.270
13.180	-0.316
13.190	-0.372
13.200	-0.416
13.210	-0.464
13.220	-0.508
13.230	-0.543
13.240	-0.578
13.250	-0.604
13.260	-0.632
13.270	-0.654
13.280	-0.667
13.290	-0.677
13.300	-0.682
13.310	-0.682
13.320	-0.677
13.330	-0.667
13.340	-0.653
13.350	-0.630
13.360	-0.603
13.370	-0.571
13.380	-0.539
13.390	-0.504
13.400	-0.459
13.410	-0.410
13.420	-0.360
13.430	-0.313
13.440	-0.259
13.450	-0.206
13.460	-0.148
13.470	-0.099
13.480	-0.041
13.490	0.013
13.500	0.064
13.510	0.121
13.520	0.168
13.530	0.215
13.540	0.261
13.550	0.299
13.560	0.341
13.570	0.371
13.580	0.401
13.590	0.424
13.600	0.443
13.610	0.460
13.620	0.467
13.630	0.471
13.640	0.471
13.650	0.466
13.660	0.448
13.670	0.434
13.680	0.413
13.690	0.385
13.700	0.352
13.710	0.322
13.720	0.278
13.730	0.240
13.740	0.191
13.750	0.142
13.760	0.088
13.770	0.039
13.780	-0.016
13.790	-0.069
13.800	-0.137
13.810	-0.180
13.820	-0.237
13.830	-0.288
13.840	-0.345
13.850	-0.393
13.860	-0.438
13.870	-0.483
13.880	-0.523
13.890	-0.557
13.900	-0.593
13.910	-0.618
13.920	-0.644
13.930	-0.665
13.940	-0.675
13.950	-0.679
13.960	-0.683
13.970	-0.680
13.980	-0.674
13.990	-0.658
14.000	-0.639
14.010	-0.619
14.020	-0.587
14.030	-0.552
14.040	-0.517
14.050	-0.480
14.060	-0.435
14.070	-0.389
14.080	-0.338
14.090	-0.286
14.100	-0.231
14.110	-0.177
14.120	-0.121
14.130	-0.068
14.140	-0.008
14.150	0.041
14.160	0.097
14.170	0.145
14.180	0.195
14.190	0.242
14.200	0.283
14.210	0.319
14.220	0.356
14.230	0.386
14.240	0.412
14.250	0.434
14.260	0.448
14.270	0.460
14.280	0.471
14.290	0.467
14.300	0.460
14.310	0.455
14.320	0.434
14.330	0.420
14.340	0.396
14.350	0.362
14.360	0.334
14.370	0.297
14.380	0.251
14.390	0.209
14.400	0.164
14.410	0.117
14.420	0.054
14.430	0.004
14.440	-0.048
14.450	-0.102
14.460	-0.157
14.470	-0.220
14.480	-0.269
14.490	-0.330
14.500	-0.370
14.510	-0.419
14.520	-0.467
14.530	-0.504
14.540	-0.537
14.550	-0.576
14.560	-0.607
14.570	-0.632
14.580	-0.651
14.590	-0.667
14.600	-0.675
14.610	-0.683
14.620	-0.683
14.630	-0.675
14.640	-0.666
14.650	-0.648
14.660	-0.627
14.670	-0.597
14.680	-0.567
14.690	-0.535
14.700	-0.494
14.710	-0.449
14.720	-0.406
14.730	-0.352
14.740	-0.310
14.750	-0.252
14.760	-0.191
14.770	-0.145
14.780	-0.089
14.790	-0.033
14.800	0.030
14.810	0.079
14.820	0.130
14.830	0.175
14.840	0.226
14.850	0.271
14.860	0.309
14.870	0.345
14.880	0.376
14.890	0.410
14.900	0.430
14.910	0.445
14.920	0.461
14.930	0.469
14.940	0.472
14.950	0.467
14.960	0.461
14.970	0.449
14.980	0.431
14.990	0.410
15.000	0.379
15.010	0.349
15.020	0.313
15.030	0.275
15.040	0.226
15.050	0.183
15.060	0.135
15.070	0.086
15.080	0.029
15.090	-0.026
15.100	-0.080
15.110	-0.132
15.120	-0.191
15.130	-0.244
15.140	-0.298
15.150	-0.349
15.160	-0.401
15.170	-0.441
15.180	-0.488
15.190	-0.522
15.200	-0.562
15.210	-0.592
15.220	-0.616
15.230	-0.641
15.240	-0.661
15.250	-0.669
15.260	-0.677
15.270	-0.680
15.280	-0.676
15.290	-0.662
15.300	-0.648
15.310	-0.629
15.320	-0.602
15.330	-0.578
15.340	-0.548
15.350	-0.506
15.360	-0.463
15.370	-0.422
15.380	-0.377
15.390	-0.324
15.400	-0.272
15.410	-0.225
15.420	-0.167
15.430	-0.113
15.440	-0.059
15.450	-0.006
15.460	0.048
15.470	0.101
15.480	0.155
15.490	0.198
15.500	0.238
15.510	0.284
15.520	0.317
15.530	0.353
15.540	0.383
15.550	0.408
15.560	0.427
15.570	0.440
15.580	0.453
15.590	0.458
15.600	0.455
15.610	0.454
15.620	0.445
15.630	0.430
15.640	0.412
15.650	0.382
15.660	0.359
15.670	0.320
15.680	0.290
15.690	0.247
15.700	0.203
15.710	0.155
15.720	0.099
15.730	0.054
15.740	-0.001
15.750	-0.051
15.760	-0.103
15.770	-0.163
15.780	-0.215
15.790	-0.270
15.800	-0.323
15.810	-0.366
15.820	-0.413
15.830	-0.457
15.840	-0.499
15.850	-0.539
15.860	-0.573
15.870	-0.599
15.880	-0.625
15.890	-0.646
15.900	-0.656
15.910	-0.669
15.920	-0.670
15.930	-0.669
15.940	-0.662
15.950	-0.649
15.960	-0.636
15.970	-0.613
15.980	-0.588
15.990	-0.560
16.000	-0.517
16.010	-0.483
16.020	-0.443
16.030	-0.398
16.040	-0.353
16.050	-0.295
16.060	-0.251
16.070	-0.194
16.080	-0.139
16.090	-0.078
16.100	-0.035
16.110	0.019
16.120	0.069
16.130	0.126
16.140	0.174
16.150	0.216
16.160	0.261
16.170	0.303
16.180	0.336
16.190	0.366
16.200	0.396
16.210	0.411
16.220	0.434
16.230	0.445
16.240	0.453
16.250	0.455
16.260	0.455
16.270	0.450
16.280	0.430
16.290	0.417
16.300	0.397
16.310	0.368
16.320	0.333
16.330	0.301
16.340	0.263
16.350	0.221
16.360	0.177
16.370	0.125
16.380	0.074
16.390	0.029
16.400	-0.030
16.410	-0.079
16.420	-0.135
16.430	-0.188
16.440	-0.242
16.450	-0.297
16.460	-0.346
16.470	-0.388
16.480	-0.435
16.490	-0.486
16.500	-0.520
16.510	-0.552
16.520	-0.588
16.530	-0.609
16.540	-0.630
16.550	-0.649
16.560	-0.662
16.570	-0.665
16.580	-0.670
16.590	-0.669
16.600	-0.656
16.610	-0.644
16.620	-0.625
16.630	-0.600
16.640	-0.573
16.650	-0.540
16.660	-0.503
16.670	-0.459
16.680	-0.420
16.690	-0.372
16.700	-0.326
16.710	-0.270
16.720	-0.219
16.730	-0.162
16.740	-0.113
16.750	-0.059
16.760	0.004
16.770	0.051
16.780	0.102
16.790	0.150
16.800	0.196
16.810	0.245
16.820	0.280
16.830	0.320
16.840	0.351
16.850	0.385
16.860	0.410
16.870	0.434
16.880	0.443
16.890	0.457
16.900	0.462
16.910	0.460
16.920	0.460
16.930	0.446
16.940	0.432
16.950	0.416
16.960	0.389
16.970	0.362
16.980	0.323
16.990	0.291
17.000	0.244
17.010	0.202
17.020	0.150
17.030	0.105
17.040	0.053
17.050	-0.003
17.060	-0.054
17.070	-0.110
17.080	-0.168
17.090	-0.219
17.100	-0.270
17.110	-0.320
17.120	-0.369
17.130	-0.415
17.140	-0.461
17.150	-0.499
17.160	-0.538
17.170	-0.567
17.180	-0.604
17.190	-0.620
17.200	-0.643
17.210	-0.660
17.220	-0.667
17.230	-0.665
17.240	-0.671
17.250	-0.664
17.260	-0.648
17.270	-0.630
17.280	-0.613
17.290	-0.581
17.300	-0.555
17.310	-0.517
17.320	-0.478
17.330	-0.434
17.340	-0.385
17.350	-0.342
17.360	-0.294
17.370	-0.237
17.380	-0.190
17.390	-0.130
17.400	-0.083
17.410	-0.023
17.420	0.036
17.430	0.079
17.440	0.126
17.450	0.181
17.460	0.217
17.470	0.265
17.480	0.301
17.490	0.336
17.500	0.369
17.510	0.394
17.520	0.412
17.530	0.433
17.540	0.443
17.550	0.449
17.560	0.452
17.570	0.450
17.580	0.440
17.590	0.425
17.600	0.412
17.610	0.390
17.620	0.358
17.630	0.331
17.640	0.290
17.650	0.255
17.660	0.210
17.670	0.168
17.680	0.114
17.690	0.065
17.700	0.012
17.710	-0.036
17.720	-0.094
17.730	-0.143
17.740	-0.200
17.750	-0.248
17.760	-0.306
17.770	-0.355
17.780	-0.401
17.790	-0.440
17.800	-0.483
17.810	-0.517
17.820	-0.560
17.830	-0.583
17.840	-0.611
17.850	-0.627
17.860	-0.648
17.870	-0.658
17.880	-0.663
17.890	-0.660
17.900	-0.660
17.910	-0.649
17.920	-0.632
17.930	-0.608
17.940	-0.594
17.950	-0.560
17.960	-0.530
17.970	-0.491
17.980	-0.450
17.990	-0.404
18.000	-0.361
18.010	-0.307
18.020	-0.262
18.030	-0.209
18.040	-0.157
18.050	-0.094
18.060	-0.047
18.070	0.005
18.080	0.058
18.090	0.109
18.100	0.153
18.110	0.205
18.120	0.241
18.130	0.289
18.140	0.313
18.150	0.351
18.160	0.378
18.170	0.410
18.180	0.420
18.190	0.437
18.200	0.444
18.210	0.453
18.220	0.449
18.230	0.443
18.240	0.430
18.250	0.414
18.260	0.393
18.270	0.368
18.280	0.341
18.290	0.307
18.300	0.265
18.310	0.228
18.320	0.184
18.330	0.136
18.340	0.088
18.350	0.041
18.360	-0.013
18.370	-0.061
18.380	-0.120
18.390	-0.170
18.400	-0.228
18.410	-0.272
18.420	-0.334
18.430	-0.372
18.440	-0.420
18.450	-0.463
18.460	-0.501
18.470	-0.534
18.480	-0.567
18.490	-0.594
18.500	-0.624
18.510	-0.633
18.520	-0.648
18.530	-0.653
18.540	-0.656
18.550	-0.654
18.560	-0.649
18.570	-0.637
18.580	-0.620
18.590	-0.598
18.600	-0.573
18.610	-0.540
18.620	-0.506
18.630	-0.469
18.640	-0.431
18.650	-0.380
18.660	-0.338
18.670	-0.271
18.680	-0.234
18.690	-0.182
18.700	-0.133
18.710	-0.075
18.720	-0.027
18.730	0.033
18.740	0.079
18.750	0.130
18.760	0.172
18.770	0.224
18.780	0.263
18.790	0.302
18.800	0.328
18.810	0.361
18.820	0.390
18.830	0.410
18.840	0.424
18.850	0.437
18.860	0.443
18.870	0.450
18.880	0.445
18.890	0.438
18.900	0.425
18.910	0.409
18.920	0.385
18.930	0.357
18.940	0.324
18.950	0.293
18.960	0.252
18.970	0.214
18.980	0.156
18.990	0.114
19.000	0.064
19.010	0.020
19.020	-0.038
19.030	-0.086
19.040	-0.144
19.050	-0.193
19.060	-0.246
19.070	-0.298
19.080	-0.349
19.090	-0.396
19.100	-0.438
19.110	-0.476
19.120	-0.516
19.130	-0.548
19.140	-0.584
19.150	-0.606
19.160	-0.624
19.170	-0.643
19.180	-0.649
19.190	-0.660
19.200	-0.657
19.210	-0.649
19.220	-0.641
19.230	-0.627
19.240	-0.613
19.250	-0.587
19.260	-0.557
19.270	-0.524
19.280	-0.483
19.290	-0.445
19.300	-0.402
19.310	-0.357
19.320	-0.308
19.330	-0.253
19.340	-0.204
19.350	-0.155
19.360	-0.104
19.370	-0.048
19.380	0.003
19.390	0.056
19.400	0.104
19.410	0.162
19.420	0.194
19.430	0.244
19.440	0.282
19.450	0.322
19.460	0.346
19.470	0.377
19.480	0.396
19.490	0.416
19.500	0.432
19.510	0.439
19.520	0.445
19.530	0.445
19.540	0.434
19.550	0.427
19.560	0.411
19.570	0.389
19.580	0.361
19.590	0.334
19.600	0.301
19.610	0.263
19.620	0.225
19.630	0.180
19.640	0.133
19.650	0.085
19.660	0.036
19.670	-0.018
19.680	-0.069
19.690	-0.123
19.700	-0.185
19.710	-0.229
19.720	-0.281
19.730	-0.330
19.740	-0.373
19.750	-0.420
19.760	-0.461
19.770	-0.501
19.780	-0.538
19.790	-0.567
19.800	-0.593
19.810	-0.614
19.820	-0.629
19.830	-0.647
19.840	-0.654
19.850	-0.659
19.860	-0.654
19.870	-0.644
19.880	-0.632
19.890	-0.617
19.900	-0.593
19.910	-0.566
19.920	-0.534
19.930	-0.501
19.940	-0.463
19.950	-0.417
19.960	-0.372
19.970	-0.326
19.980	-0.278
19.990	-0.225
20.000	-0.177
20.010	-0.121
20.020	-0.068
20.030	-0.017
20.040	0.037
20.050	0.089
20.060	0.134
20.070	0.180
20.080	0.223
20.090	0.267
20.100	0.305
20.110	0.340
20.120	0.368
20.130	0.395
20.140	0.413
20.150	0.425
20.160	0.438
20.170	0.450
20.180	0.446
20.190	0.439
20.200	0.431
20.210	0.419
20.220	0.401
20.230	0.375
20.240	0.350
20.250	0.313
20.260	0.280
20.270	0.242
20.280	0.193
20.290	0.147
20.300	0.106
20.310	0.058
20.320	0.009
20.330	-0.050
20.340	-0.104
20.350	-0.160
20.360	-0.201
20.370	-0.257
20.380	-0.306
20.390	-0.354
20.400	-0.405
20.410	-0.443
20.420	-0.487
20.430	-0.524
20.440	-0.553
20.450	-0.580
20.460	-0.602
20.470	-0.623
20.480	-0.637
20.490	-0.648
20.500	-0.649
20.510	-0.652
20.520	-0.643
20.530	-0.637
20.540	-0.620
20.550	-0.603
20.560	-0.574
20.570	-0.550
20.580	-0.512
20.590	-0.471
20.600	-0.434
20.610	-0.392
20.620	-0.344
20.630	-0.304
20.640	-0.246
20.650	-0.202
20.660	-0.142
20.670	-0.094
20.680	-0.040
20.690	0.015
20.700	0.062
20.710	0.109
20.720	0.161
20.730	0.195
20.740	0.244
20.750	0.278
20.760	0.319
20.770	0.344
20.780	0.373
20.790	0.395
20.800	0.418
20.810	0.422
20.820	0.440
20.830	0.437
20.840	0.437
20.850	0.429
20.860	0.420
20.870	0.401
20.880	0.383
20.890	0.357
20.900	0.328
20.910	0.293
20.920	0.260
20.930	0.212
20.940	0.176
20.950	0.125
20.960	0.079
20.970	0.023
20.980	-0.023
20.990	-0.079
21.000	-0.125
21.010	-0.181
21.020	-0.230
21.030	-0.282
21.040	-0.326
21.050	-0.377
21.060	-0.419
21.070	-0.462
21.080	-0.497
21.090	-0.533
21.100	-0.559
21.110	-0.590
21.120	-0.611
21.130	-0.631
21.140	-0.632
21.150	-0.650
21.160	-0.648
21.170	-0.652
21.180	-0.637
21.190	-0.625
21.200	-0.603
21.210	-0.588
21.220	-0.553
21.230	-0.531
21.240	-0.491
21.250	-0.452
21.260	-0.412
21.270	-0.369
21.280	-0.321
21.290	-0.270
21.300	-0.219
21.310	-0.168
21.320	-0.115
21.330	-0.064
21.340	-0.009
21.350	0.036
21.360	0.091
21.370	0.130
21.380	0.181
21.390	0.221
21.400	0.263
21.410	0.293
21.420	0.328
21.430	0.359
21.440	0.385
21.450	0.401
21.460	0.420
21.470	0.424
21.480	0.437
21.490	0.429
21.500	0.432
21.510	0.415
21.520	0.407
21.530	0.383
21.540	0.363
21.550	0.335
21.560	0.310
21.570	0.268
21.580	0.231
21.590	0.184
21.600	0.147
21.610	0.095
21.620	0.050
21.630	0.001
21.640	-0.049
21.650	-0.110
21.660	-0.155
21.670	-0.210
21.680	-0.256
21.690	-0.308
21.700	-0.350
21.710	-0.406
21.720	-0.441
21.730	-0.484
21.740	-0.515
21.750	-0.552
21.760	-0.575
21.770	-0.601
21.780	-0.618
21.790	-0.634
21.800	-0.636
21.810	-0.646
21.820	-0.643
21.830	-0.638
21.840	-0.628
21.850	-0.616
21.860	-0.591
21.870	-0.569
21.880	-0.532
21.890	-0.510
21.900	-0.465
21.910	-0.432
21.920	-0.379
21.930	-0.343
21.940	-0.288
21.950	-0.246
21.960	-0.191
21.970	-0.139
21.980	-0.089
21.990	-0.033
22.000	0.016
22.010	0.065
22.020	0.116
22.030	0.161
22.040	0.207
22.050	0.244
22.060	0.278
22.070	0.317
22.080	0.348
22.090	0.371
22.100	0.403
22.110	0.413
22.120	0.428
22.130	0.432
22.140	0.439
22.150	0.434
22.160	0.430
22.170	0.414
22.180	0.401
22.190	0.382
22.200	0.354
22.210	0.326
22.220	0.293
22.230	0.247
22.240	0.217
22.250	0.170
22.260	0.127
22.270	0.065
22.280	0.025
22.290	-0.031
22.300	-0.076
22.310	-0.130
22.320	-0.187
22.330	-0.233
22.340	-0.286
22.350	-0.332
22.360	-0.378
22.370	-0.422
22.380	-0.461
22.390	-0.503
22.400	-0.535
22.410	-0.564
22.420	-0.588
22.430	-0.609
22.440	-0.627
22.450	-0.641
22.460	-0.644
22.470	-0.644
22.480	-0.640
22.490	-0.635
22.500	-0.616
22.510	-0.602
22.520	-0.580
22.530	-0.554
22.540	-0.520
22.550	-0.484
22.560	-0.445
22.570	-0.405
22.580	-0.363
22.590	-0.314
22.600	-0.256
22.610	-0.214
22.620	-0.162
22.630	-0.117
22.640	-0.062
22.650	-0.013
22.660	0.040
22.670	0.091
22.680	0.138
22.690	0.181
22.700	0.223
22.710	0.261
22.720	0.298
22.730	0.331
22.740	0.361
22.750	0.379
22.760	0.399
22.770	0.415
22.780	0.429
22.790	0.429
22.800	0.432
22.810	0.425
22.820	0.415
22.830	0.397
22.840	0.379
22.850	0.361
22.860	0.331
22.870	0.301
22.880	0.264
22.890	0.216
22.900	0.183
22.910	0.139
22.920	0.095
22.930	0.042
22.940	-0.006
22.950	-0.057
22.960	-0.109
22.970	-0.167
22.980	-0.211
22.990	-0.265
23.000	-0.310
23.010	-0.361
23.020	-0.405
23.030	-0.445
23.040	-0.480
23.050	-0.517
23.060	-0.547
23.070	-0.577
23.080	-0.597
23.090	-0.616
23.100	-0.629
23.110	-0.638
23.120	-0.639
23.130	-0.640
23.140	-0.631
23.150	-0.623
23.160	-0.608
23.170	-0.585
23.180	-0.555
23.190	-0.529
23.200	-0.494
23.210	-0.462
23.220	-0.421
23.230	-0.377
23.240	-0.331
23.250	-0.282
23.260	-0.234
23.270	-0.183
23.280	-0.133
23.290	-0.080
23.300	-0.029
23.310	0.025
23.320	0.072
23.330	0.119
23.340	0.163
23.350	0.207
23.360	0.249
23.370	0.285
23.380	0.322
23.390	0.348
23.400	0.370
23.410	0.392
23.420	0.410
23.430	0.419
23.440	0.429
23.450	0.429
23.460	0.427
23.470	0.417
23.480	0.407
23.490	0.389
23.500	0.370
23.510	0.341
23.520	0.310
23.530	0.278
23.540	0.240
23.550	0.198
23.560	0.151
23.570	0.109
23.580	0.057
23.590	0.015
23.600	-0.044
23.610	-0.087
23.620	-0.137
23.630	-0.188
23.640	-0.248
23.650	-0.290
23.660	-0.338
23.670	-0.379
23.680	-0.424
23.690	-0.465
23.700	-0.503
23.710	-0.533
23.720	-0.564
23.730	-0.586
23.740	-0.606
23.750	-0.622
23.760	-0.634
23.770	-0.638
23.780	-0.636
23.790	-0.636
23.800	-0.620
23.810	-0.613
23.820	-0.592
23.830	-0.569
23.840	-0.541
23.850	-0.511
23.860	-0.476
23.870	-0.436
23.880	-0.400
23.890	-0.353
23.900	-0.303
23.910	-0.260
23.920	-0.204
23.930	-0.153
23.940	-0.102
23.950	-0.056
23.960	-0.003
23.970	0.046
23.980	0.094
23.990	0.140
24.000	0.186
24.010	0.227
24.020	0.263
24.030	0.298
24.040	0.329
24.050	0.359
24.060	0.380
24.070	0.399
24.080	0.411
24.090	0.422
24.100	0.430
24.110	0.425
24.120	0.422
24.130	0.411
24.140	0.401
24.150	0.379
24.160	0.353
24.170	0.327
24.180	0.292
24.190	0.258
24.200	0.223
24.210	0.178
24.220	0.134
24.230	0.088
24.240	0.039
24.250	-0.015
24.260	-0.062
24.270	-0.118
24.280	-0.164
24.290	-0.217
24.300	-0.264
24.310	-0.313
24.320	-0.359
24.330	-0.406
24.340	-0.445
24.350	-0.486
24.360	-0.515
24.370	-0.545
24.380	-0.574
24.390	-0.596
24.400	-0.611
24.410	-0.623
24.420	-0.632
24.430	-0.637
24.440	-0.637
24.450	-0.629
24.460	-0.616
24.470	-0.597
24.480	-0.575
24.490	-0.555
24.500	-0.524
24.510	-0.491
24.520	-0.456
24.530	-0.409
24.540	-0.372
24.550	-0.323
24.560	-0.279
24.570	-0.230
24.580	-0.175
24.590	-0.125
24.600	-0.080
24.610	-0.027
24.620	0.028
24.630	0.069
24.640	0.116
24.650	0.161
24.660	0.207
24.670	0.247
24.680	0.277
24.690	0.313
24.700	0.342
24.710	0.369
24.720	0.385
24.730	0.401
24.740	0.415
24.750	0.420
24.760	0.424
24.770	0.419
24.780	0.408
24.790	0.399
24.800	0.382
24.810	0.358
24.820	0.331
24.830	0.301
24.840	0.273
24.850	0.233
24.860	0.188
24.870	0.152
24.880	0.103
24.890	0.053
24.900	0.005
24.910	-0.042
24.920	-0.090
24.930	-0.145
24.940	-0.196
24.950	-0.239
24.960	-0.293
24.970	-0.341
24.980	-0.382
24.990	-0.426
25.000	-0.462
25.010	-0.499
25.020	-0.532
25.030	-0.559
25.040	-0.586
25.050	-0.602
25.060	-0.620
25.070	-0.627
25.080	-0.632
25.090	-0.636
25.100	-0.626
25.110	-0.620
25.120	-0.606
25.130	-0.587
25.140	-0.562
25.150	-0.536
25.160	-0.503
25.170	-0.464
25.180	-0.423
25.190	-0.387
25.200	-0.347
25.210	-0.296
25.220	-0.251
25.230	-0.197
25.240	-0.148
25.250	-0.093
25.260	-0.044
25.270	0.005
25.280	0.056
25.290	0.104
25.300	0.151
25.310	0.190
25.320	0.233
25.330	0.268
25.340	0.305
25.350	0.333
25.360	0.361
25.370	0.384
25.380	0.401
25.390	0.413
25.400	0.420
25.410	0.423
25.420	0.422
25.430	0.414
25.440	0.403
25.450	0.390
25.460	0.369
25.470	0.348
25.480	0.317
25.490	0.277
25.500	0.251
25.510	0.208
25.520	0.167
25.530	0.120
25.540	0.069
25.550	0.032
25.560	-0.026
25.570	-0.072
25.580	-0.130
25.590	-0.176
25.600	-0.225
25.610	-0.276
25.620	-0.318
25.630	-0.368
25.640	-0.407
25.650	-0.447
25.660	-0.483
25.670	-0.515
25.680	-0.550
25.690	-0.572
25.700	-0.596
25.710	-0.608
25.720	-0.619
25.730	-0.631
25.740	-0.634
25.750	-0.623
25.760	-0.619
25.770	-0.604
25.780	-0.585
25.790	-0.569
25.800	-0.545
25.810	-0.509
25.820	-0.479
25.830	-0.444
25.840	-0.405
25.850	-0.364
25.860	-0.314
25.870	-0.265
25.880	-0.222
25.890	-0.171
25.900	-0.120
25.910	-0.070
25.920	-0.015
25.930	0.029
25.940	0.075
25.950	0.122
25.960	0.167
25.970	0.206
25.980	0.248
25.990	0.281
26.000	0.311
26.010	0.344
26.020	0.369
26.030	0.387
26.040	0.403
26.050	0.412
26.060	0.419
26.070	0.419
26.080	0.417
26.090	0.409
26.100	0.398
26.110	0.379
26.120	0.354
26.130	0.331
26.140	0.301
26.150	0.266
26.160	0.226
26.170	0.186
26.180	0.147
26.190	0.102
26.200	0.051
26.210	-0.000
26.220	-0.049
26.230	-0.099
26.240	-0.146
26.250	-0.200
26.260	-0.246
26.270	-0.291
26.280	-0.342
26.290	-0.384
26.300	-0.425
26.310	-0.463
26.320	-0.496
26.330	-0.524
26.340	-0.553
26.350	-0.578
26.360	-0.599
26.370	-0.615
26.380	-0.627
26.390	-0.626
26.400	-0.629
26.410	-0.623
26.420	-0.615
26.430	-0.594
26.440	-0.576
26.450	-0.555
26.460	-0.528
26.470	-0.496
26.480	-0.461
26.490	-0.419
26.500	-0.374
26.510	-0.335
26.520	-0.284
26.530	-0.242
26.540	-0.190
26.550	-0.145
26.560	-0.093
26.570	-0.042
26.580	0.009
26.590	0.051
26.600	0.104
26.610	0.146
26.620	0.188
26.630	0.227
26.640	0.268
26.650	0.299
26.660	0.331
26.670	0.355
26.680	0.373
26.690	0.389
26.700	0.404
26.710	0.407
26.720	0.415
26.730	0.413
26.740	0.404
26.750	0.396
26.760	0.376
26.770	0.357
26.780	0.339
26.790	0.308
26.800	0.277
26.810	0.237
26.820	0.201
26.830	0.160
26.840	0.116
26.850	0.067
26.860	0.022
26.870	-0.029
26.880	-0.080
26.890	-0.132
26.900	-0.171
26.910	-0.227
26.920	-0.274
26.930	-0.323
26.940	-0.366
26.950	-0.409
26.960	-0.445
26.970	-0.483
26.980	-0.517
26.990	-0.541
27.000	-0.567
27.010	-0.594
27.020	-0.605
27.030	-0.618
27.040	-0.622
27.050	-0.625
27.060	-0.622
27.070	-0.614
27.080	-0.599
27.090	-0.587
27.100	-0.565
27.110	-0.538
27.120	-0.511
27.130	-0.473
27.140	-0.436
27.150	-0.398
27.160	-0.358
27.170	-0.306
27.180	-0.260
27.190	-0.214
27.200	-0.163
27.210	-0.112
27.220	-0.067
27.230	-0.017
27.240	0.040
27.250	0.083
27.260	0.130
27.270	0.173
27.280	0.216
27.290	0.252
27.300	0.288
27.310	0.315
27.320	0.347
27.330	0.368
27.340	0.388
27.350	0.404
27.360	0.413
27.370	0.417
27.380	0.417
27.390	0.413
27.400	0.403
27.410	0.387
27.420	0.371
27.430	0.352
27.440	0.320
27.450	0.289
27.460	0.256
27.470	0.216
27.480	0.181
27.490	0.135
27.500	0.089
27.510	0.039
27.520	-0.007
27.530	-0.064
27.540	-0.105
27.550	-0.155
27.560	-0.207
27.570	-0.258
27.580	-0.302
27.590	-0.347
27.600	-0.386
27.610	-0.433
27.620	-0.466
27.630	-0.503
27.640	-0.528
27.650	-0.562
27.660	-0.578
27.670	-0.596
27.680	-0.607
27.690	-0.620
27.700	-0.623
27.710	-0.623
27.720	-0.619
27.730	-0.608
27.740	-0.590
27.750	-0.571
27.760	-0.543
27.770	-0.520
27.780	-0.482
27.790	-0.442
27.800	-0.411
27.810	-0.372
27.820	-0.325
27.830	-0.282
27.840	-0.233
27.850	-0.183
27.860	-0.133
27.870	-0.086
27.880	-0.034
27.890	0.010
27.900	0.060
27.910	0.107
27.920	0.154
27.930	0.190
27.940	0.231
27.950	0.267
27.960	0.299
27.970	0.325
27.980	0.352
27.990	0.373
28.000	0.390
28.010	0.401
28.020	0.410
28.030	0.409
28.040	0.411
28.050	0.403
28.060	0.390
28.070	0.375
28.080	0.352
28.090	0.327
28.100	0.303
28.110	0.266
28.120	0.235
28.130	0.191
28.140	0.158
28.150	0.111
28.160	0.065
28.170	0.018
28.180	-0.031
28.190	-0.088
28.200	-0.132
28.210	-0.181
28.220	-0.228
28.230	-0.277
28.240	-0.321
28.250	-0.372
28.260	-0.405
28.270	-0.449
28.280	-0.477
28.290	-0.518
28.300	-0.541
28.310	-0.570
28.320	-0.585
28.330	-0.603
28.340	-0.609
28.350	-0.619
28.360	-0.618
28.370	-0.622
28.380	-0.603
28.390	-0.595
28.400	-0.576
28.410	-0.553
28.420	-0.526
28.430	-0.496
28.440	-0.463
28.450	-0.429
28.460	-0.386
28.470	-0.339
28.480	-0.294
28.490	-0.255
28.500	-0.201
28.510	-0.159
28.520	-0.107
28.530	-0.058
28.540	-0.007
28.550	0.034
28.560	0.087
28.570	0.130
28.580	0.179
28.590	0.212
28.600	0.256
28.610	0.282
28.620	0.320
28.630	0.336
28.640	0.366
28.650	0.376
28.660	0.398
28.670	0.402
28.680	0.407
28.690	0.403
28.700	0.401
28.710	0.389
28.720	0.378
28.730	0.357
28.740	0.335
28.750	0.307
28.760	0.277
28.770	0.245
28.780	0.211
28.790	0.167
28.800	0.128
28.810	0.074
28.820	0.036
28.830	-0.025
28.840	-0.064
28.850	-0.116
28.860	-0.160
28.870	-0.214
28.880	-0.255
28.890	-0.304
28.900	-0.349
28.910	-0.391
28.920	-0.428
28.930	-0.466
28.940	-0.503
28.950	-0.530
28.960	-0.553
28.970	-0.575
28.980	-0.594
28.990	-0.608
29.000	-0.610
29.010	-0.617
29.020	-0.616
29.030	-0.611
29.040	-0.601
29.050	-0.584
29.060	-0.562
29.070	-0.545
29.080	-0.510
29.090	-0.481
29.100	-0.443
29.110	-0.405
29.120	-0.364
29.130	-0.323
29.140	-0.270
29.150	-0.230
29.160	-0.181
29.170	-0.131
29.180	-0.079
29.190	-0.031
29.200	0.017
29.210	0.064
29.220	0.114
29.230	0.153
29.240	0.200
29.250	0.227
29.260	0.270
29.270	0.301
29.280	0.334
29.290	0.354
29.300	0.378
29.310	0.390
29.320	0.399
29.330	0.404
29.340	0.412
29.350	0.409
29.360	0.400
29.370	0.381
29.380	0.374
29.390	0.354
29.400	0.327
29.410	0.295
29.420	0.268
29.430	0.227
29.440	0.193
29.450	0.144
29.460	0.100
29.470	0.052
29.480	0.011
29.490	-0.043
29.500	-0.089
29.510	-0.138
29.520	-0.192
29.530	-0.238
29.540	-0.282
29.550	-0.330
29.560	-0.373
29.570	-0.411
29.580	-0.452
29.590	-0.487
29.600	-0.522
29.610	-0.545
29.620	-0.566
29.630	-0.587
29.640	-0.595
29.650	-0.613
29.660	-0.616
29.670	-0.618
29.680	-0.611
29.690	-0.606
29.700	-0.591
29.710	-0.574
29.720	-0.550
29.730	-0.522
29.740	-0.489
29.750	-0.459
29.760	-0.421
29.770	-0.379
29.780	-0.338
29.790	-0.296
29.800	-0.247
29.810	-0.197
29.820	-0.153
29.830	-0.100
29.840	-0.047
29.850	-0.002
29.860	0.045
29.870	0.091
29.880	0.132
29.890	0.175
29.900	0.215
29.910	0.252
29.920	0.281
29.930	0.313
29.940	0.340
29.950	0.359
29.960	0.378
29.970	0.390
29.980	0.399
29.990	0.403
30.000	0.399
30.010	0.395
30.020	0.385
30.030	0.371
30.040	0.353
30.050	0.333
30.060	0.303
30.070	0.266
30.080	0.236
30.090	0.202
30.100	0.156
30.110	0.115
30.120	0.071
30.130	0.016
30.140	-0.022
30.150	-0.076
30.160	-0.120
30.170	-0.169
30.180	-0.217
30.190	-0.268
30.200	-0.314
30.210	-0.362
30.220	-0.398
30.230	-0.433
30.240	-0.471
30.250	-0.501
30.260	-0.536
30.270	-0.555
30.280	-0.578
30.290	-0.593
30.300	-0.604
30.310	-0.608
30.320	-0.613
30.330	-0.611
30.340	-0.600
30.350	-0.588
30.360	-0.574
30.370	-0.552
30.380	-0.529
30.390	-0.503
30.400	-0.466
30.410	-0.433
30.420	-0.395
30.430	-0.353
30.440	-0.306
30.450	-0.266
30.460	-0.217
30.470	-0.165
30.480	-0.120
30.490	-0.069
30.500	-0.023
30.510	0.027
30.520	0.078
30.530	0.117
30.540	0.160
30.550	0.196
30.560	0.234
30.570	0.273
30.580	0.299
30.590	0.328
30.600	0.350
30.610	0.370
30.620	0.383
30.630	0.393
30.640	0.401
30.650	0.399
30.660	0.396
30.670	0.390
30.680	0.376
30.690	0.353
30.700	0.335
30.710	0.310
30.720	0.281
30.730	0.251
30.740	0.211
30.750	0.178
30.760	0.132
30.770	0.093
30.780	0.040
30.790	-0.002
30.800	-0.057
30.810	-0.099
30.820	-0.150
30.830	-0.196
30.840	-0.243
30.850	-0.285
30.860	-0.331
30.870	-0.375
30.880	-0.421
30.890	-0.445
30.900	-0.489
30.910	-0.516
30.920	-0.546
30.930	-0.559
30.940	-0.582
30.950	-0.593
30.960	-0.606
30.970	-0.609
30.980	-0.608
30.990	-0.599
31.000	-0.598
31.010	-0.580
31.020	-0.562
31.030	-0.540
31.040	-0.513
31.050	-0.486
31.060	-0.452
31.070	-0.408
31.080	-0.372
31.090	-0.330
31.100	-0.288
31.110	-0.239
31.120	-0.195
31.130	-0.142
31.140	-0.094
31.150	-0.045
31.160	-0.003
31.170	0.047
31.180	0.093
31.190	0.136
31.200	0.171
31.210	0.219
31.220	0.258
31.230	0.288
31.240	0.315
31.250	0.338
31.260	0.362
31.270	0.380
31.280	0.389
31.290	0.398
31.300	0.396
31.310	0.399
31.320	0.397
31.330	0.387
31.340	0.366
31.350	0.350
31.360	0.327
31.370	0.302
31.380	0.266
31.390	0.233
31.400	0.196
31.410	0.160
31.420	0.109
31.430	0.073
31.440	0.022
31.450	-0.020
31.460	-0.078
31.470	-0.125
31.480	-0.174
31.490	-0.216
31.500	-0.273
31.510	-0.310
31.520	-0.356
31.530	-0.394
31.540	-0.438
31.550	-0.471
31.560	-0.503
31.570	-0.528
31.580	-0.554
31.590	-0.574
31.600	-0.590
31.610	-0.598
31.620	-0.606
31.630	-0.608
31.640	-0.611
31.650	-0.598
31.660	-0.591
31.670	-0.568
31.680	-0.553
31.690	-0.524
31.700	-0.500
31.710	-0.462
31.720	-0.429
31.730	-0.389
31.740	-0.352
31.750	-0.303
31.760	-0.265
31.770	-0.213
31.780	-0.167
31.790	-0.111
31.800	-0.070
31.810	-0.014
31.820	0.027
31.830	0.079
31.840	0.115
31.850	0.158
31.860	0.193
31.870	0.238
31.880	0.265
31.890	0.299
31.900	0.324
31.910	0.350
31.920	0.364
31.930	0.382
31.940	0.389
31.950	0.396
31.960	0.391
31.970	0.393
31.980	0.382
31.990	0.369
32.000	0.348
32.010	0.331
32.020	0.305
32.030	0.275
32.040	0.239
32.050	0.207
32.060	0.168
32.070	0.130
32.080	0.077
32.090	0.041
32.100	-0.015
32.110	-0.057
32.120	-0.109
32.130	-0.152
32.140	-0.204
32.150	-0.243
32.160	-0.296
32.170	-0.335
32.180	-0.382
32.190	-0.420
32.200	-0.462
32.210	-0.487
32.220	-0.520
32.230	-0.538
32.240	-0.567
32.250	-0.581
32.260	-0.597
32.270	-0.600
32.280	-0.604
32.290	-0.604
32.300	-0.601
32.310	-0.589
32.320	-0.576
32.330	-0.552
32.340	-0.535
32.350	-0.502
32.360	-0.475
32.370	-0.432
32.380	-0.405
32.390	-0.364
32.400	-0.316
32.410	-0.274
32.420	-0.226
32.430	-0.176
32.440	-0.134
32.450	-0.079
32.460	-0.038
32.470	0.015
32.480	0.056
32.490	0.104
32.500	0.150
32.510	0.184
32.520	0.221
32.530	0.261
32.540	0.287
32.550	0.319
32.560	0.341
32.570	0.365
32.580	0.378
32.590	0.390
32.600	0.396
32.610	0.398
32.620	0.392
32.630	0.389
32.640	0.375
32.650	0.361
32.660	0.338
32.670	0.319
32.680	0.284
32.690	0.253
32.700	0.223
32.710	0.184
32.720	0.142
32.730	0.104
32.740	0.057
32.750	0.012
32.760	-0.040
32.770	-0.083
32.780	-0.134
32.790	-0.179
32.800	-0.234
32.810	-0.272
32.820	-0.319
32.830	-0.358
32.840	-0.401
32.850	-0.436
32.860	-0.471
32.870	-0.504
32.880	-0.532
32.890	-0.546
32.900	-0.574
32.910	-0.585
32.920	-0.595
32.930	-0.601
32.940	-0.601
32.950	-0.597
32.960	-0.591
32.970	-0.581
32.980	-0.560
32.990	-0.538
33.000	-0.508
33.010	-0.489
33.020	-0.455
33.030	-0.421
33.040	-0.382
33.050	-0.332
33.060	-0.297
33.070	-0.252
33.080	-0.206
33.090	-0.160
33.100	-0.109
33.110	-0.057
33.120	-0.019
33.130	0.032
33.140	0.077
33.150	0.117
33.160	0.162
33.170	0.201
33.180	0.237
33.190	0.268
33.200	0.301
33.210	0.326
33.220	0.346
33.230	0.361
33.240	0.377
33.250	0.385
33.260	0.392
33.270	0.397
33.280	0.384
33.290	0.378
33.300	0.367
33.310	0.350
33.320	0.326
33.330	0.301
33.340	0.268
33.350	0.240
33.360	0.201
33.370	0.164
33.380	0.125
33.390	0.080
33.400	0.031
33.410	-0.012
33.420	-0.062
33.430	-0.107
33.440	-0.157
33.450	-0.204
33.460	-0.250
33.470	-0.297
33.480	-0.340
33.490	-0.375
33.500	-0.414
33.510	-0.454
33.520	-0.486
33.530	-0.514
33.540	-0.538
33.550	-0.557
33.560	-0.573
33.570	-0.585
33.580	-0.596
33.590	-0.606
33.600	-0.597
33.610	-0.594
33.620	-0.588
33.630	-0.569
33.640	-0.546
33.650	-0.526
33.660	-0.498
33.670	-0.471
33.680	-0.431
33.690	-0.392
33.700	-0.359
33.710	-0.313
33.720	-0.269
33.730	-0.225
33.740	-0.179
33.750	-0.130
33.760	-0.079
33.770	-0.033
33.780	0.012
33.790	0.059
33.800	0.099
33.810	0.149
33.820	0.183
33.830	0.219
33.840	0.259
33.850	0.284
33.860	0.316
33.870	0.338
33.880	0.354
33.890	0.375
33.900	0.382
33.910	0.384
33.920	0.392
33.930	0.387
33.940	0.380
33.950	0.366
33.960	0.348
33.970	0.331
33.980	0.311
33.990	0.282
34.000	0.241
34.010	0.216
34.020	0.176
34.030	0.138
34.040	0.086
34.050	0.049
34.060	0.006
34.070	-0.044
34.080	-0.090
34.090	-0.144
34.100	-0.182
34.110	-0.234
34.120	-0.279
34.130	-0.322
34.140	-0.364
34.150	-0.401
34.160	-0.443
34.170	-0.472
34.180	-0.503
34.190	-0.528
34.200	-0.558
34.210	-0.574
34.220	-0.581
34.230	-0.595
34.240	-0.602
34.250	-0.601
34.260	-0.597
34.270	-0.583
34.280	-0.573
34.290	-0.556
34.300	-0.538
34.310	-0.504
34.320	-0.479
34.330	-0.443
34.340	-0.408
34.350	-0.372
34.360	-0.329
34.370	-0.286
34.380	-0.239
34.390	-0.200
34.400	-0.146
34.410	-0.097
34.420	-0.055
34.430	-0.003
34.440	0.043
34.450	0.089
34.460	0.133
34.470	0.172
34.480	0.209
34.490	0.248
34.500	0.275
34.510	0.310
34.520	0.331
34.530	0.350
34.540	0.368
34.550	0.386
34.560	0.392
34.570	0.392
34.580	0.392
34.590	0.386
34.600	0.373
34.610	0.360
34.620	0.343
34.630	0.323
34.640	0.298
34.650	0.262
34.660	0.230
34.670	0.193
34.680	0.155
34.690	0.112
34.700	0.067
34.710	0.023
34.720	-0.022
34.730	-0.075
34.740	-0.117
34.750	-0.166
34.760	-0.211
34.770	-0.260
34.780	-0.299
34.790	-0.344
34.800	-0.389
34.810	-0.421
34.820	-0.461
34.830	-0.489
34.840	-0.517
34.850	-0.539
34.860	-0.559
34.870	-0.577
34.880	-0.585
34.890	-0.597
34.900	-0.595
34.910	-0.595
34.920	-0.587
34.930	-0.576
34.940	-0.561
34.950	-0.543
34.960	-0.519
34.970	-0.487
34.980	-0.456
34.990	-0.422
35.000	-0.389
35.010	-0.349
35.020	-0.303
35.030	-0.263
35.040	-0.216
35.050	-0.174
35.060	-0.123
35.070	-0.072
35.080	-0.031
35.090	0.018
35.100	0.061
35.110	0.104
35.120	0.149
35.130	0.186
35.140	0.223
35.150	0.256
35.160	0.283
35.170	0.310
35.180	0.337
35.190	0.354
35.200	0.368
35.210	0.379
35.220	0.380
35.230	0.383
35.240	0.383
35.250	0.372
35.260	0.360
35.270	0.346
35.280	0.325
35.290	0.299
35.300	0.273
35.310	0.242
35.320	0.206
35.330	0.170
35.340	0.131
35.350	0.086
35.360	0.043
35.370	-0.009
35.380	-0.047
35.390	-0.094
35.400	-0.146
35.410	-0.191
35.420	-0.240
35.430	-0.279
35.440	-0.326
35.450	-0.367
35.460	-0.401
35.470	-0.445
35.480	-0.473
35.490	-0.500
35.500	-0.527
35.510	-0.543
35.520	-0.567
35.530	-0.578
35.540	-0.591
35.550	-0.590
35.560	-0.593
35.570	-0.588
35.580	-0.580
35.590	-0.563
35.600	-0.546
35.610	-0.525
35.620	-0.503
35.630	-0.468
35.640	-0.435
35.650	-0.402
35.660	-0.364
35.670	-0.319
35.680	-0.277
35.690	-0.235
35.700	-0.189
35.710	-0.140
35.720	-0.092
35.730	-0.048
35.740	-0.003
35.750	0.045
35.760	0.091
35.770	0.130
35.780	0.168
35.790	0.206
35.800	0.240
35.810	0.275
35.820	0.305
35.830	0.324
35.840	0.345
35.850	0.356
35.860	0.373
35.870	0.381
35.880	0.382
35.890	0.382
35.900	0.376
35.910	0.365
35.920	0.350
35.930	0.333
35.940	0.308
35.950	0.283
35.960	0.247
35.970	0.218
35.980	0.182
35.990	0.141
36.000	0.105
36.010	0.061
36.020	0.015
36.030	-0.035
36.040	-0.081
36.050	-0.125
36.060	-0.175
36.070	-0.223
36.080	-0.262
36.090	-0.302
36.100	-0.346
36.110	-0.393
36.120	-0.425
36.130	-0.459
36.140	-0.492
36.150	-0.517
36.160	-0.538
36.170	-0.558
36.180	-0.576
36.190	-0.587
36.200	-0.593
36.210	-0.594
36.220	-0.588
36.230	-0.581
36.240	-0.571
36.250	-0.552
36.260	-0.536
36.270	-0.508
36.280	-0.482
36.290	-0.451
36.300	-0.417
36.310	-0.380
36.320	-0.339
36.330	-0.299
36.340	-0.252
36.350	-0.207
36.360	-0.160
36.370	-0.111
36.380	-0.069
36.390	-0.013
36.400	0.027
36.410	0.072
36.420	0.111
36.430	0.152
36.440	0.193
36.450	0.228
36.460	0.263
36.470	0.291
36.480	0.318
36.490	0.336
36.500	0.356
36.510	0.369
36.520	0.380
36.530	0.384
36.540	0.383
36.550	0.383
36.560	0.371
36.570	0.359
36.580	0.345
36.590	0.324
36.600	0.297
36.610	0.268
36.620	0.237
36.630	0.200
36.640	0.163
36.650	0.125
36.660	0.079
36.670	0.034
36.680	-0.010
36.690	-0.055
36.700	-0.106
36.710	-0.153
36.720	-0.195
36.730	-0.242
36.740	-0.284
36.750	-0.325
36.760	-0.368
36.770	-0.404
36.780	-0.442
36.790	-0.475
36.800	-0.503
36.810	-0.529
36.820	-0.548
36.830	-0.564
36.840	-0.579
36.850	-0.588
36.860	-0.590
36.870	-0.590
36.880	-0.585
36.890	-0.573
36.900	-0.559
36.910	-0.541
36.920	-0.522
36.930	-0.494
36.940	-0.461
36.950	-0.430
36.960	-0.394
36.970	-0.355
36.980	-0.316
36.990	-0.273
37.000	-0.225
37.010	-0.185
37.020	-0.132
37.030	-0.087
37.040	-0.046
37.050	0.002
37.060	0.047
37.070	0.088
37.080	0.130
37.090	0.175
37.100	0.207
37.110	0.240
37.120	0.273
37.130	0.301
37.140	0.323
37.150	0.339
37.160	0.355
37.170	0.369
37.180	0.376
37.190	0.378
37.200	0.376
37.210	0.371
37.220	0.355
37.230	0.340
37.240	0.325
37.250	0.303
37.260	0.275
37.270	0.247
37.280	0.214
37.290	0.175
37.300	0.132
37.310	0.093
37.320	0.051
37.330	0.009
37.340	-0.039
37.350	-0.086
37.360	-0.133
37.370	-0.179
37.380	-0.221
37.390	-0.267
37.400	-0.314
37.410	-0.353
37.420	-0.389
37.430	-0.422
37.440	-0.460
37.450	-0.491
37.460	-0.516
37.470	-0.535
37.480	-0.556
37.490	-0.569
37.500	-0.584
37.510	-0.585
37.520	-0.588
37.530	-0.583
37.540	-0.577
37.550	-0.566
37.560	-0.548
37.570	-0.524
37.580	-0.498
37.590	-0.473
37.600	-0.442
37.610	-0.407
37.620	-0.362
37.630	-0.331
37.640	-0.289
37.650	-0.246
37.660	-0.203
37.670	-0.151
37.680	-0.102
37.690	-0.066
37.700	-0.015
37.710	0.029
37.720	0.079
37.730	0.120
37.740	0.153
37.750	0.196
37.760	0.226
37.770	0.262
37.780	0.287
37.790	0.316
37.800	0.333
37.810	0.354
37.820	0.361
37.830	0.373
37.840	0.378
37.850	0.376
37.860	0.370
37.870	0.362
37.880	0.351
37.890	0.334
37.900	0.308
37.910	0.287
37.920	0.257
37.930	0.226
37.940	0.190
37.950	0.151
37.960	0.110
37.970	0.069
37.980	0.018
37.990	-0.019
38.000	-0.066
38.010	-0.108
38.020	-0.164
38.030	-0.206
38.040	-0.246
38.050	-0.289
38.060	-0.331
38.070	-0.374
38.080	-0.408
38.090	-0.443
38.100	-0.476
38.110	-0.502
38.120	-0.530
38.130	-0.547
38.140	-0.567
38.150	-0.573
38.160	-0.580
38.170	-0.582
38.180	-0.584
38.190	-0.575
38.200	-0.568
38.210	-0.553
38.220	-0.538
38.230	-0.513
38.240	-0.487
38.250	-0.451
38.260	-0.425
38.270	-0.387
38.280	-0.351
38.290	-0.305
38.300	-0.265
38.310	-0.217
38.320	-0.175
38.330	-0.127
38.340	-0.083
38.350	-0.035
38.360	0.010
38.370	0.051
38.380	0.094
38.390	0.139
38.400	0.174
38.410	0.215
38.420	0.246
38.430	0.276
38.440	0.301
38.450	0.326
38.460	0.345
38.470	0.361
38.480	0.367
38.490	0.375
38.500	0.379
38.510	0.375
38.520	0.364
38.530	0.354
38.540	0.339
38.550	0.322
38.560	0.294
38.570	0.269
38.580	0.238
38.590	0.207
38.600	0.172
38.610	0.132
38.620	0.086
38.630	0.046
38.640	-0.001
38.650	-0.043
38.660	-0.091
38.670	-0.132
38.680	-0.182
38.690	-0.228
38.700	-0.275
38.710	-0.310
38.720	-0.356
38.730	-0.389
38.740	-0.426
38.750	-0.457
38.760	-0.491
38.770	-0.514
38.780	-0.539
38.790	-0.558
38.800	-0.566
38.810	-0.580
38.820	-0.581
38.830	-0.581
38.840	-0.583
38.850	-0.571
38.860	-0.555
38.870	-0.545
38.880	-0.519
38.890	-0.496
38.900	-0.469
38.910	-0.433
38.920	-0.403
38.930	-0.364
38.940	-0.326
38.950	-0.280
38.960	-0.237
38.970	-0.193
38.980	-0.151
38.990	-0.096
39.000	-0.057
39.010	-0.008
39.020	0.030
39.030	0.077
39.040	0.123
39.050	0.161
39.060	0.193
39.070	0.231
39.080	0.254
39.090	0.289
39.100	0.308
39.110	0.328
39.120	0.348
39.130	0.359
39.140	0.366
39.150	0.373
39.160	0.369
39.170	0.364
39.180	0.359
39.190	0.337
39.200	0.322
39.210	0.306
39.220	0.277
39.230	0.249
39.240	0.216
39.250	0.186
39.260	0.140
39.270	0.111
39.280	0.058
39.290	0.024
39.300	-0.026
39.310	-0.075
39.320	-0.121
39.330	-0.162
39.340	-0.211
39.350	-0.249
39.360	-0.293
39.370	-0.333
39.380	-0.380
39.390	-0.417
39.400	-0.447
39.410	-0.476
39.420	-0.507
39.430	-0.524
39.440	-0.545
39.450	-0.559
39.460	-0.577
39.470	-0.578
39.480	-0.583
39.490	-0.575
39.500	-0.573
39.510	-0.562
39.520	-0.546
39.530	-0.530
39.540	-0.503
39.550	-0.473
39.560	-0.447
39.570	-0.413
39.580	-0.380
39.590	-0.340
39.600	-0.296
39.610	-0.253
39.620	-0.209
39.630	-0.163
39.640	-0.120
39.650	-0.073
39.660	-0.031
39.670	0.018
39.680	0.064
39.690	0.108
39.700	0.149
39.710	0.186
39.720	0.214
39.730	0.251
39.740	0.277
39.750	0.305
39.760	0.323
39.770	0.344
39.780	0.354
39.790	0.365
39.800	0.371
39.810	0.373
39.820	0.365
39.830	0.364
39.840	0.348
39.850	0.335
39.860	0.309
39.870	0.294
39.880	0.261
39.890	0.237
39.900	0.195
39.910	0.160
39.920	0.120
39.930	0.085
39.940	0.034
39.950	-0.012
39.960	-0.054
39.970	-0.097
39.980	-0.146
39.990	-0.187
40.000	-0.232
40.010	-0.277
40.020	-0.321
40.030	-0.356
40.040	-0.396
40.050	-0.433
40.060	-0.463
40.070	-0.489
40.080	-0.517
40.090	-0.534
40.100	-0.556
40.110	-0.561
40.120	-0.574
40.130	-0.576
40.140	-0.579
40.150	-0.569
40.160	-0.567
40.170	-0.551
40.180	-0.537
40.190	-0.512
40.200	-0.486
40.210	-0.460
40.220	-0.425
40.230	-0.392
40.240	-0.358
40.250	-0.314
40.260	-0.281
40.270	-0.232
40.280	-0.181
40.290	-0.141
40.300	-0.100
40.310	-0.048
40.320	-0.005
40.330	0.041
40.340	0.083
40.350	0.125
40.360	0.160
40.370	0.200
40.380	0.227
40.390	0.260
40.400	0.290
40.410	0.313
40.420	0.330
40.430	0.345
40.440	0.359
40.450	0.367
40.460	0.368
40.470	0.368
40.480	0.359
40.490	0.352
40.500	0.341
40.510	0.326
40.520	0.301
40.530	0.272
40.540	0.243
40.550	0.214
40.560	0.173
40.570	0.145
40.580	0.099
40.590	0.059
40.600	0.014
40.610	-0.033
40.620	-0.081
40.630	-0.118
40.640	-0.167
40.650	-0.209
40.660	-0.262
40.670	-0.295
40.680	-0.338
40.690	-0.374
40.700	-0.419
40.710	-0.445
40.720	-0.477
40.730	-0.503
40.740	-0.526
40.750	-0.544
40.760	-0.564
40.770	-0.569
40.780	-0.575
40.790	-0.573
40.800	-0.574
40.810	-0.566
40.820	-0.558
40.830	-0.536
40.840	-0.519
40.850	-0.499
40.860	-0.471
40.870	-0.440
40.880	-0.412
40.890	-0.370
40.900	-0.334
40.910	-0.289
40.920	-0.249
40.930	-0.202
40.940	-0.160
40.950	-0.115
40.960	-0.072
40.970	-0.026
40.980	0.020
40.990	0.067
41.000	0.104
41.010	0.143
41.020	0.178
41.030	0.219
41.040	0.243
41.050	0.277
41.060	0.296
41.070	0.320
41.080	0.333
41.090	0.350
41.100	0.356
41.110	0.365
41.120	0.360
41.130	0.361
41.140	0.350
41.150	0.343
41.160	0.323
41.170	0.302
41.180	0.274
41.190	0.251
41.200	0.217
41.210	0.190
41.220	0.153
41.230	0.117
41.240	0.068
41.250	0.029
41.260	-0.016
41.270	-0.060
41.280	-0.106
41.290	-0.154
41.300	-0.197
41.310	-0.239
41.320	-0.281
41.330	-0.322
41.340	-0.369
41.350	-0.398
41.360	-0.435
41.370	-0.464
41.380	-0.497
41.390	-0.513
41.400	-0.535
41.410	-0.553
41.420	-0.566
41.430	-0.569
41.440	-0.578
41.450	-0.570
41.460	-0.568
41.470	-0.558
41.480	-0.545
41.490	-0.528
41.500	-0.505
41.510	-0.477
41.520	-0.450
41.530	-0.420
41.540	-0.388
41.550	-0.338
41.560	-0.308
41.570	-0.262
41.580	-0.221
41.590	-0.173
41.600	-0.132
41.610	-0.080
41.620	-0.043
41.630	0.004
41.640	0.048
41.650	0.088
41.660	0.133
41.670	0.168
41.680	0.205
41.690	0.239
41.700	0.263
41.710	0.296
41.720	0.313
41.730	0.333
41.740	0.348
41.750	0.364
41.760	0.366
41.770	0.368
41.780	0.366
41.790	0.357
41.800	0.345
41.810	0.333
41.820	0.313
41.830	0.291
41.840	0.265
41.850	0.235
41.860	0.203
41.870	0.171
41.880	0.127
41.890	0.089
41.900	0.050
41.910	0.008
41.920	-0.041
41.930	-0.087
41.940	-0.135
41.950	-0.176
41.960	-0.220
41.970	-0.263
41.980	-0.306
41.990	-0.347
42.000	-0.387
42.010	-0.415
42.020	-0.450
42.030	-0.475
42.040	-0.502
42.050	-0.524
42.060	-0.546
42.070	-0.553
42.080	-0.569
42.090	-0.569
42.100	-0.578
42.110	-0.566
42.120	-0.564
42.130	-0.550
42.140	-0.538
42.150	-0.513
42.160	-0.489
42.170	-0.459
42.180	-0.431
42.190	-0.393
42.200	-0.363
42.210	-0.321
42.220	-0.285
42.230	-0.241
42.240	-0.195
42.250	-0.153
42.260	-0.108
42.270	-0.064
42.280	-0.014
42.290	0.022
42.300	0.067
42.310	0.107
42.320	0.147
42.330	0.182
42.340	0.221
42.350	0.249
42.360	0.273
42.370	0.300
42.380	0.317
42.390	0.334
42.400	0.346
42.410	0.359
42.420	0.361
42.430	0.364
42.440	0.356
42.450	0.352
42.460	0.335
42.470	0.319
42.480	0.302
42.490	0.277
42.500	0.247
42.510	0.219
42.520	0.179
42.530	0.144
42.540	0.105
42.550	0.063
42.560	0.018
42.570	-0.018
42.580	-0.068
42.590	-0.113
42.600	-0.155
42.610	-0.202
42.620	-0.243
42.630	-0.285
42.640	-0.322
42.650	-0.363
42.660	-0.400
42.670	-0.435
42.680	-0.468
42.690	-0.492
42.700	-0.513
42.710	-0.529
42.720	-0.552
42.730	-0.559
42.740	-0.567
42.750	-0.567
42.760	-0.570
42.770	-0.560
42.780	-0.550
42.790	-0.538
42.800	-0.520
42.810	-0.492
42.820	-0.475
42.830	-0.441
42.840	-0.411
42.850	-0.375
42.860	-0.335
42.870	-0.301
42.880	-0.253
42.890	-0.214
42.900	-0.169
42.910	-0.129
42.920	-0.077
42.930	-0.038
42.940	0.002
42.950	0.050
42.960	0.091
42.970	0.126
42.980	0.171
42.990	0.202
43.000	0.235
43.010	0.263
43.020	0.289
43.030	0.310
43.040	0.328
43.050	0.341
43.060	0.348
43.070	0.355
43.080	0.361
43.090	0.352
43.100	0.348
43.110	0.336
43.120	0.319
43.130	0.301
43.140	0.277
43.150	0.255
43.160	0.223
43.170	0.194
43.180	0.158
43.190	0.120
43.200	0.078
43.210	0.043
43.220	-0.002
43.230	-0.046
43.240	-0.089
43.250	-0.140
43.260	-0.178
43.270	-0.227
43.280	-0.270
43.290	-0.312
43.300	-0.347
43.310	-0.385
43.320	-0.419
43.330	-0.452
43.340	-0.482
43.350	-0.499
43.360	-0.522
43.370	-0.540
43.380	-0.552
43.390	-0.559
43.400	-0.569
43.410	-0.566
43.420	-0.567
43.430	-0.557
43.440	-0.540
43.450	-0.531
43.460	-0.510
43.470	-0.487
43.480	-0.454
43.490	-0.425
43.500	-0.393
43.510	-0.354
43.520	-0.316
43.530	-0.277
43.540	-0.230
43.550	-0.192
43.560	-0.146
43.570	-0.100
43.580	-0.061
43.590	-0.006
43.600	0.032
43.610	0.073
43.620	0.114
43.630	0.151
43.640	0.196
43.650	0.223
43.660	0.249
43.670	0.280
43.680	0.305
43.690	0.319
43.700	0.338
43.710	0.350
43.720	0.359
43.730	0.364
43.740	0.358
43.750	0.358
43.760	0.349
43.770	0.331
43.780	0.312
43.790	0.294
43.800	0.272
43.810	0.242
43.820	0.211
43.830	0.178
43.840	0.137
43.850	0.097
43.860	0.051
43.870	0.016
43.880	-0.030
43.890	-0.076
43.900	-0.109
43.910	-0.162
43.920	-0.204
43.930	-0.249
43.940	-0.294
43.950	-0.333
43.960	-0.368
43.970	-0.403
43.980	-0.439
43.990	-0.464
44.000	-0.489
44.010	-0.515
44.020	-0.532
44.030	-0.551
44.040	-0.561
44.050	-0.565
44.060	-0.566
44.070	-0.567
44.080	-0.558
44.090	-0.545
44.100	-0.531
44.110	-0.514
44.120	-0.489
44.130	-0.465
44.140	-0.431
44.150	-0.405
44.160	-0.365
44.170	-0.331
44.180	-0.293
44.190	-0.253
44.200	-0.207
44.210	-0.160
44.220	-0.118
44.230	-0.076
44.240	-0.033
44.250	0.010
44.260	0.058
44.270	0.093
44.280	0.137
44.290	0.170
44.300	0.203
44.310	0.235
44.320	0.267
44.330	0.288
44.340	0.308
44.350	0.327
44.360	0.339
44.370	0.343
44.380	0.356
44.390	0.354
44.400	0.355
44.410	0.343
44.420	0.334
44.430	0.319
44.440	0.300
44.450	0.277
44.460	0.248
44.470	0.216
44.480	0.185
44.490	0.151
44.500	0.106
44.510	0.076
44.520	0.036
44.530	-0.012
44.540	-0.050
44.550	-0.096
44.560	-0.143
44.570	-0.188
44.580	-0.227
44.590	-0.277
44.600	-0.314
44.610	-0.356
44.620	-0.385
44.630	-0.421
44.640	-0.454
44.650	-0.482
44.660	-0.503
44.670	-0.525
44.680	-0.538
44.690	-0.553
44.700	-0.553
44.710	-0.562
44.720	-0.562
44.730	-0.562
44.740	-0.543
44.750	-0.539
44.760	-0.516
44.770	-0.501
44.780	-0.473
44.790	-0.446
44.800	-0.414
44.810	-0.381
44.820	-0.342
44.830	-0.300
44.840	-0.262
44.850	-0.227
44.860	-0.175
44.870	-0.139
44.880	-0.088
44.890	-0.049
44.900	-0.003
44.910	0.036
44.920	0.081
44.930	0.114
44.940	0.158
44.950	0.186
44.960	0.226
44.970	0.247
44.980	0.277
44.990	0.300
45.000	0.326
45.010	0.331
45.020	0.344
45.030	0.349
45.040	0.352
45.050	0.346
45.060	0.347
45.070	0.333
45.080	0.318
45.090	0.301
45.100	0.284
45.110	0.256
45.120	0.226
45.130	0.198
45.140	0.163
45.150	0.127
45.160	0.088
45.170	0.045
45.180	0.006
45.190	-0.043
45.200	-0.083
45.210	-0.128
45.220	-0.168
45.230	-0.213
45.240	-0.262
45.250	-0.293
45.260	-0.331
45.270	-0.370
45.280	-0.403
45.290	-0.440
45.300	-0.460
45.310	-0.492
45.320	-0.508
45.330	-0.529
45.340	-0.543
45.350	-0.557
45.360	-0.558
45.370	-0.562
45.380	-0.557
45.390	-0.551
45.400	-0.535
45.410	-0.527
45.420	-0.510
45.430	-0.490
45.440	-0.454
45.450	-0.423
45.460	-0.393
45.470	-0.364
45.480	-0.322
45.490	-0.288
45.500	-0.237
45.510	-0.202
45.520	-0.160
45.530	-0.120
45.540	-0.066
45.550	-0.026
45.560	0.021
45.570	0.054
45.580	0.100
45.590	0.135
45.600	0.176
45.610	0.206
45.620	0.241
45.630	0.267
45.640	0.291
45.650	0.308
45.660	0.333
45.670	0.339
45.680	0.351
45.690	0.349
45.700	0.357
45.710	0.347
45.720	0.346
45.730	0.331
45.740	0.313
45.750	0.292
45.760	0.275
45.770	0.244
45.780	0.211
45.790	0.182
45.800	0.149
45.810	0.110
45.820	0.068
45.830	0.025
45.840	-0.014
45.850	-0.061
45.860	-0.102
45.870	-0.148
45.880	-0.193
45.890	-0.237
45.900	-0.272
45.910	-0.316
45.920	-0.349
45.930	-0.393
45.940	-0.423
45.950	-0.453
45.960	-0.472
45.970	-0.504
45.980	-0.520
45.990	-0.538
46.000	-0.547
46.010	-0.557
46.020	-0.561
46.030	-0.562
46.040	-0.552
46.050	-0.548
46.060	-0.531
46.070	-0.518
46.080	-0.490
46.090	-0.468
46.100	-0.436
46.110	-0.412
46.120	-0.372
46.130	-0.340
46.140	-0.300
46.150	-0.262
46.160	-0.214
46.170	-0.178
46.180	-0.135
46.190	-0.090
46.200	-0.040
46.210	-0.006
46.220	0.043
46.230	0.084
46.240	0.122
46.250	0.155
46.260	0.195
46.270	0.221
46.280	0.256
46.290	0.272
46.300	0.296
46.310	0.320
46.320	0.333
46.330	0.339
46.340	0.347
46.350	0.348
46.360	0.350
46.370	0.340
46.380	0.329
46.390	0.313
46.400	0.301
46.410	0.272
46.420	0.254
46.430	0.221
46.440	0.193
46.450	0.153
46.460	0.118
46.470	0.081
46.480	0.040
46.490	-0.001
46.500	-0.047
46.510	-0.092
46.520	-0.135
46.530	-0.177
46.540	-0.218
46.550	-0.262
46.560	-0.298
46.570	-0.342
46.580	-0.375
46.590	-0.409
46.600	-0.438
46.610	-0.469
46.620	-0.487
46.630	-0.512
46.640	-0.527
46.650	-0.547
46.660	-0.547
46.670	-0.557
46.680	-0.553
46.690	-0.553
46.700	-0.543
46.710	-0.534
46.720	-0.517
46.730	-0.501
46.740	-0.473
46.750	-0.448
46.760	-0.417
46.770	-0.382
46.780	-0.349
46.790	-0.318
46.800	-0.266
46.810	-0.237
46.820	-0.187
46.830	-0.150
46.840	-0.098
46.850	-0.062
46.860	-0.012
46.870	0.025
46.880	0.069
46.890	0.106
46.900	0.148
46.910	0.176
46.920	0.215
46.930	0.239
46.940	0.272
46.950	0.290
46.960	0.313
46.970	0.320
46.980	0.336
46.990	0.345
47.000	0.348
47.010	0.348
47.020	0.343
47.030	0.331
47.040	0.325
47.050	0.301
47.060	0.289
47.070	0.258
47.080	0.234
47.090	0.201
47.100	0.169
47.110	0.133
47.120	0.098
47.130	0.056
47.140	0.013
47.150	-0.030
47.160	-0.068
47.170	-0.118
47.180	-0.153
47.190	-0.202
47.200	-0.237
47.210	-0.286
47.220	-0.319
47.230	-0.356
47.240	-0.389
47.250	-0.426
47.260	-0.448
47.270	-0.483
47.280	-0.499
47.290	-0.524
47.300	-0.532
47.310	-0.546
47.320	-0.546
47.330	-0.557
47.340	-0.550
47.350	-0.550
47.360	-0.537
47.370	-0.522
47.380	-0.508
47.390	-0.487
47.400	-0.456
47.410	-0.429
47.420	-0.403
47.430	-0.367
47.440	-0.331
47.450	-0.294
47.460	-0.251
47.470	-0.216
47.480	-0.165
47.490	-0.126
47.500	-0.083
47.510	-0.039
47.520	0.006
47.530	0.044
47.540	0.088
47.550	0.124
47.560	0.163
47.570	0.193
47.580	0.228
47.590	0.252
47.600	0.277
47.610	0.298
47.620	0.320
47.630	0.328
47.640	0.345
47.650	0.340
47.660	0.351
47.670	0.345
47.680	0.342
47.690	0.326
47.700	0.316
47.710	0.293
47.720	0.277
47.730	0.249
47.740	0.218
47.750	0.189
47.760	0.152
47.770	0.114
47.780	0.075
47.790	0.036
47.800	-0.007
47.810	-0.052
47.820	-0.091
47.830	-0.134
47.840	-0.176
47.850	-0.221
47.860	-0.260
47.870	-0.305
47.880	-0.335
47.890	-0.373
47.900	-0.406
47.910	-0.440
47.920	-0.464
47.930	-0.489
47.940	-0.511
47.950	-0.529
47.960	-0.538
47.970	-0.550
47.980	-0.551
47.990	-0.557
48.000	-0.550
48.010	-0.547
48.020	-0.528
48.030	-0.511
48.040	-0.494
48.050	-0.473
