1.6470	0.3088	1
0.3510	0.9650	0
0.4906	-0.2706	1
-0.9413	0.0347	0
0.5846	-0.3875	1
0.0351	-0.3425	1
-0.6815	0.3607	0
1.5957	-0.3164	1
0.9149	0.6183	0
0.5494	-0.2639	1
1.1906	0.2230	0
0.3410	-0.3338	1
0.0537	0.1299	1
-0.1171	0.9753	0
0.5310	0.9070	0
0.6645	0.3613	0
-0.5166	0.7836	0
1.1197	-0.1875	0
1.8623	-0.4237	1
2.1167	-0.1540	1
-0.3991	0.6425	0
1.3698	0.0137	1
1.9603	0.4869	1
0.2079	0.3411	1
2.0009	0.3332	1
1.4326	0.2948	0
0.1945	0.1765	1
-0.7728	0.3472	0
-0.6678	0.3773	0
1.3225	-0.1382	0
-0.3327	0.7686	0
-0.9979	0.2379	0
-0.1618	1.0585	0
-0.6357	0.3760	0
-0.0174	0.4439	1
0.3929	0.7424	0
1.4571	-0.3011	1
0.3283	-0.0156	1
-0.0001	0.2823	1
0.6630	0.7196	0
0.7057	0.0921	0
2.2934	0.1061	1
0.5060	0.2792	0
-0.3934	0.6995	0
1.5422	-0.2749	1
-0.9900	0.9735	0
0.1728	0.9348	0
-1.4406	0.7973	0
0.6980	-0.1107	0
1.5391	0.0456	1
1.3789	-0.3820	1
0.8321	0.8716	0
0.9967	-0.4317	1
0.8067	0.6059	0
-1.1110	0.2231	0
1.3499	-0.2449	1
0.0825	-0.4149	1
1.6153	-0.0367	1
0.3430	-0.3557	1
0.2240	1.0948	0
0.7203	-0.5415	1
-0.4223	0.6529	0
1.3939	-0.6947	1
-0.0814	0.2877	1
1.6807	0.5504	1
1.8840	0.1505	1
-0.9545	0.3106	0
1.0643	-0.5851	1
0.9642	0.4507	0
0.9705	-0.4911	1
0.7139	-0.6219	1
0.0777	1.2836	0
0.4285	-0.5851	1
-0.1293	0.5100	1
-0.7788	0.9438	0
0.3896	0.9073	0
1.2116	0.0035	1
-1.0234	0.6803	0
0.5286	0.9985	0
1.8070	-0.0623	1
0.9853	0.1859	0
-0.7092	0.8740	0
0.8366	-0.7726	1
1.1560	0.0311	1
1.4057	0.0037	1
1.2554	-0.6075	1
1.9206	0.2348	1
-0.0083	0.9570	0
0.5180	0.5701	0
1.3175	-0.6391	1
1.1836	-0.6383	1
1.7074	-0.5619	1
0.8559	0.7801	0
0.1959	0.8788	0
2.1808	-0.0957	1
2.2013	0.0852	1
-0.5996	0.8775	0
0.3683	-0.1537	1
1.1156	-0.6841	1
2.0111	0.0050	1
-0.9884	0.0773	0
-1.1469	0.2661	0
0.4382	1.0974	0
0.3855	-0.4815	1
0.9732	0.7111	0
-0.4658	0.4471	0
-0.3315	0.8672	0
0.7198	0.6904	0
-0.2019	1.1305	0
-0.2967	0.7240	0
-1.1210	0.7587	0
0.5289	-0.8987	1
0.0860	0.8700	1
1.7885	0.0543	1
-0.7121	0.6653	0
0.5450	0.8745	0
0.1055	0.2461	1
-1.1303	0.2801	0
0.4124	0.7432	0
1.4330	-0.6252	1
1.8596	-0.0221	1
0.2236	0.4820	1
0.0511	0.3334	1
0.2953	1.1114	0
0.3308	0.6821	0
0.9327	-0.5504	1
-0.0105	0.9564	0
-0.9262	0.4539	0
0.1645	0.0269	1
0.4205	0.5181	0
1.7571	0.1440	1
1.6806	0.2340	1
-0.3892	0.9624	0
-0.1353	1.2938	0
-0.7844	0.5132	0
0.1133	-0.2057	1
1.9202	0.4681	1
1.9887	0.2093	1
1.6744	-0.0714	1
1.3294	-0.7872	1
-0.0642	-0.1460	1
0.2983	0.7755	0
1.2660	-0.7264	1
-0.8003	0.5695	0
1.0923	-0.9964	1
-0.2050	1.0738	0
-0.7628	0.9209	0
0.3107	-0.1115	1
0.7673	0.4743	0
1.1690	0.3368	0
1.5765	-0.4999	1
-1.0763	-0.0204	0
-0.3957	1.2748	0
-0.1218	-0.3537	1
0.8633	0.7804	0
0.7774	0.6199	0
-0.2917	1.3506	0
1.6545	-0.4524	1
0.1719	0.8446	0
1.5760	-0.3441	1
-0.2505	1.1720	0
-0.8620	0.3452	0
1.0338	0.2006	0
0.5327	0.0341	1
1.9190	0.4115	1
0.6192	-0.6881	1
1.8984	-0.3841	1
0.0665	-0.0823	1
1.0250	0.7597	0
1.9447	-0.3179	1
-0.2140	0.4318	1
-0.5995	0.7947	0
2.2538	0.4578	1
1.9657	0.4481	1
0.1460	1.1471	0
0.4871	-0.2978	1
-0.4704	0.7322	0
0.6407	-0.1698	1
-0.9967	0.2152	0
1.2524	-0.7805	1
0.7697	-0.4877	1
-0.8262	0.5680	0
1.9038	0.1242	1
0.3598	-0.1998	1
-0.8566	0.6243	0
-0.6694	1.1064	0
2.0978	0.6187	1
1.6134	-0.1421	1
0.2095	-0.3219	1
0.3200	-0.2803	1
-0.4225	1.0658	0
0.9083	0.7549	0
0.7065	-0.0943	1
0.7957	1.1845	0
1.1013	-0.1987	0
0.2683	1.0693	0
0.3120	0.3104	1
-0.9269	0.1927	0
-0.6134	0.6504	0
1.0451	-0.3692	1
2.2553	0.1901	1
-0.3224	1.0855	0
1.0950	0.3956	0
-0.6660	0.7720	0
0.1087	1.0937	0
0.7107	0.7621	0
0.7361	-0.5838	1
0.6499	-0.4437	1
0.3650	0.2232	1
1.0423	0.2588	0
1.4597	-0.5211	1
0.6753	0.4493	0
0.5043	1.3004	0
0.7174	0.5943	0
-0.2837	1.2071	0
2.2478	0.1922	1
0.2962	0.2009	1
0.5974	0.7869	0
0.0959	0.9650	0
0.2484	-0.2871	1
-0.8373	0.4063	0
0.8337	0.8736	0
-0.4757	0.9302	0
-0.0559	-0.2823	1
1.8172	-0.0765	1
2.2819	0.4232	1
0.0028	1.3490	0
1.1952	0.4257	0
1.4217	-0.5762	1
0.2513	1.1632	0
2.3586	0.6180	1
0.6723	0.4140	0
1.5525	-0.7052	1
1.0568	-0.5295	1
1.6868	-0.4447	1
0.5725	0.7763	0
-0.2304	-0.1593	1
-0.9452	0.6965	0
0.8792	-0.4829	1
-0.2848	1.0802	0
-0.8928	0.7812	0
1.2834	-0.2461	1
-0.1408	0.9519	0
-1.1331	0.1229	0
0.6290	-0.3720	1
1.1180	0.1932	0
-0.5619	0.4553	0
1.9768	0.1568	1
-1.3098	0.7420	0
0.5861	-0.3839	1
0.0135	0.5906	1
0.2617	0.7129	0
0.2079	-0.0602	1
0.1231	0.7266	0
0.8550	-0.4783	1
-0.2953	0.4993	1
-0.3668	0.8135	0
-0.3240	1.1611	0
1.7458	0.1970	1
0.4134	-0.1016	1
1.0054	0.1694	0
1.7964	0.2440	1
0.7805	-0.4838	0
1.2050	-0.3123	1
-0.4672	0.1945	1
1.3191	-0.0692	1
0.4544	0.7473	0
0.8349	0.7654	0
0.6739	0.4361	0
-0.0827	0.1434	1
0.6112	-0.0856	1
2.0592	0.3459	1
-0.0442	0.6873	0
1.5582	-0.4399	1
1.9582	1.0319	1
2.0530	0.2335	1
-0.4258	1.1699	0
0.2333	0.6899	0
1.1571	-0.6333	1
1.1487	0.8491	0
1.8871	0.5409	1
0.9053	-0.3236	1
-0.3020	0.7477	0
0.5072	-0.2254	1
0.3486	-0.3921	1
0.7918	0.2692	0
1.0046	0.5924	0
1.6195	-0.0063	1
0.9578	0.3180	0
0.6605	0.5734	0
0.3114	-0.0618	1
1.5273	0.0608	1
0.9083	-0.4131	1
1.3853	-0.5087	1
-0.2161	0.8998	0
0.5793	1.1016	0
0.7887	0.3690	0
1.9002	-0.2947	1
1.4393	-0.1256	1
0.4854	0.9695	0
-0.4534	0.8664	0
1.1397	0.3461	0
1.9183	0.1686	1
0.6560	-0.6486	1
-0.4490	0.5711	0
2.2120	0.5553	1
0.3440	-0.1039	1
0.5431	-0.3480	1
-1.1618	0.2586	0
0.7597	0.3317	0
-0.0523	0.2580	1
1.4119	-0.4865	1
0.3656	-0.2545	1
-0.8227	-0.1907	0
0.0600	0.6267	1
-0.2456	0.8634	0
1.2609	-0.4515	1
1.2808	-0.3797	1
1.9555	0.1620	1
1.3110	-0.5217	1
1.1250	0.5179	0
1.5269	-0.5278	1
1.0851	0.4800	0
0.1448	0.9846	0
-1.1067	0.0102	0
-0.1073	1.0229	0
2.1142	0.1792	1
-0.2290	0.8915	0
1.5118	-0.3083	1
-0.9112	0.9069	0
0.0850	1.1430	0
-0.1831	1.3342	0
1.0135	-0.5682	1
-0.0903	0.9356	0
0.6353	0.5566	0
1.4663	-0.4495	1
0.5948	1.2566	0
0.8146	0.5157	0
0.0798	0.3756	1
1.5321	-0.1488	1
0.9629	-0.3725	1
0.6249	1.0098	0
1.4141	0.3382	1
-0.9961	0.1352	0
-0.0341	1.2654	0
1.2833	-0.2599	1
0.7755	1.1545	0
2.3059	0.4393	1
1.0481	-0.8198	1
-1.0470	-0.1027	0
1.2865	0.4878	0
0.0796	1.1088	0
0.7370	-0.1234	1
1.2160	-0.4013	1
0.7776	0.1132	0
-0.4302	0.9440	0
1.7134	-0.2394	1
1.4163	-0.2331	1
0.3262	-0.2759	1
0.1810	-0.3410	1
-0.0163	0.8485	0
0.5693	1.1310	0
-1.1629	0.6389	0
0.7876	0.7072	0
-0.3764	0.7576	0
0.0257	0.8368	0
1.8373	-0.2787	1
0.9099	0.8361	0
0.0423	-0.3808	1
0.3094	0.4255	0
1.1898	-0.3889	1
1.4997	0.1009	1
0.8813	0.2385	0
2.0018	-0.0544	1
1.2331	-0.6362	1
0.7680	-0.6240	1
0.0191	0.8007	0
1.6957	-0.1766	1
1.9178	0.0998	1
0.8477	-0.3942	1
0.6580	-0.2101	1
-0.9583	0.3487	0
0.3830	1.0171	0
1.7123	-0.2957	1
0.7194	-0.4151	1
-0.9679	0.6953	0
-0.0679	0.9565	0
0.7605	-0.8533	1
-0.4591	0.9555	0
1.1277	-0.7009	1
2.0292	-0.3039	1
1.6719	-0.2929	1
0.0165	1.3444	0
-0.9018	0.9324	0
0.0918	0.8600	0
-0.7158	0.0567	0
0.4307	-0.2270	1
1.6571	-0.0674	1
0.8404	0.3820	0
0.1495	0.6613	0
-0.7887	0.3227	0
0.5103	0.6029	0
-1.0652	0.4933	0
-0.6307	0.9782	0
0.5095	1.2480	0
-0.0769	0.1940	1
1.6633	0.3357	1
0.6034	1.2350	0
-0.2445	0.3124	1
0.2663	-0.1291	1
-0.4367	1.0463	0
-0.7718	0.7331	0
1.8420	-0.1792	1
-1.0707	0.1595	0
0.9575	0.1474	0
0.6614	-0.1383	1
0.7984	0.6683	0
1.1266	0.0929	0
1.0470	0.6571	0
1.7664	-0.0264	1
-0.7700	0.6647	0
0.2639	0.8930	0
0.9189	0.0423	1
-0.1622	1.0573	0
0.3052	-0.5509	1
1.6529	-0.2099	1
0.4155	-0.4290	1
-0.3356	0.3076	1
-0.2144	0.5290	1
0.8959	-0.5387	1
-0.2770	0.9162	0
1.4031	-0.0915	1
0.1494	-0.1971	1
-0.3738	0.9386	0
2.5202	0.0677	1
2.0481	0.5213	1
0.3021	0.1163	1
-0.9374	-0.0343	0
0.3676	0.8809	0
1.1605	-0.5733	1
0.2738	0.9743	0
1.0484	0.5575	0
0.4439	-0.2271	1
-0.5335	0.8051	0
0.8604	-0.2249	1
-0.6654	1.5988	0
-0.7880	0.0855	0
0.7783	-0.4204	1
-0.5005	0.9255	0
0.4226	-0.2073	1
0.8638	0.3988	0
0.5277	-0.1745	1
1.1187	-0.5818	0
0.3631	-0.1014	1
1.9139	0.0248	1
1.6006	-0.2372	1
0.3290	0.9567	0
1.5553	-0.4378	1
0.9892	-0.3209	1
0.2425	1.1013	0
0.8174	0.8434	0
0.2504	1.0119	0
-0.5284	0.8761	0
0.2386	0.6008	1
0.2594	1.1960	0
0.6530	0.5764	0
0.8046	0.3979	0
-1.1173	0.1587	0
0.5613	0.6326	0
-1.3559	0.2549	0
0.1708	0.8219	0
-0.1670	1.1418	0
-1.1621	0.3891	0
0.1902	-0.4428	1
1.6929	-0.3886	1
-0.0105	0.5983	0
-0.4105	0.5953	0
0.2746	1.0204	0
0.9257	0.4951	0
0.3066	-0.4592	1
2.2206	0.2383	1
0.8993	-0.5881	1
0.8680	0.5130	0
0.3639	1.0643	0
0.8597	0.1161	1
0.5094	-0.4241	1
-0.6321	0.4252	0
0.4223	0.7458	0
-1.0786	0.2580	0
0.1996	1.1556	0
1.2046	-0.4807	1
0.1666	1.0037	0
2.0887	-0.0565	1
-0.2336	0.9340	0
-0.9824	0.5371	0
-0.8365	0.8461	0
0.6164	-0.3612	1
0.4540	0.9314	0
1.4304	-0.4565	1
-0.5211	0.7021	0
1.1939	-0.2585	1
0.1326	1.1736	0
-0.7874	0.4441	0
0.6772	-0.4008	1
1.2081	-0.5066	1
2.1054	0.5532	1
0.9140	-0.5883	1
0.8407	0.6618	0
1.6941	-0.1437	1
0.0138	-0.2263	1
0.7588	0.4799	0
0.5166	1.0850	0
-0.1268	1.0415	0
0.9881	-0.7184	1
2.1339	0.1076	1
1.5927	-0.6030	1
-1.2015	0.6180	0
0.7312	0.5744	0
0.9811	-0.2628	1
-0.2322	0.7218	1
1.5129	-0.0932	1
0.3275	1.0401	0
1.3993	-0.3938	1
-0.6334	0.5666	0
-0.5219	0.6397	0
-0.8118	0.4439	0
-0.5706	0.9601	0
0.9798	1.0245	0
-0.8889	0.4130	0
0.3002	-0.1005	1
-0.2228	0.5601	1
2.1147	0.4069	1
1.0866	0.0511	0
-0.4726	0.9129	0
-1.0227	0.1916	0
2.0184	0.7470	1
0.9782	-0.7676	1
-0.9218	0.3075	0
0.1429	1.0429	0
1.9530	0.7288	1
0.4903	0.4200	0
0.1819	-0.4321	1
-0.0203	0.6602	1
0.0878	0.1457	1
0.3780	-0.5523	1
-1.0750	-0.0604	0
-0.3996	0.8664	0
1.5315	-0.1078	1
2.0599	0.4488	1
2.1635	-0.2340	1
-0.3729	0.7260	0
0.9441	0.2281	0
0.8486	0.7437	0
-0.0187	0.2330	1
0.7830	0.7302	0
-0.0691	-0.1273	1
2.0463	-0.2657	1
1.8272	-0.0729	1
0.9078	0.6047	0
0.9188	-0.1258	1
-0.2769	0.9466	0
1.9124	0.5580	1
-1.2516	0.4551	0
-0.3171	0.4193	0
-0.3291	0.7978	0
0.1402	0.1766	1
1.8515	0.3977	1
-0.4659	0.5244	0
0.1507	0.1253	1
0.7832	0.3190	0
0.6674	-0.2059	1
0.2791	-0.2529	1
0.2526	-0.2467	1
1.0463	-0.5819	1
-0.0359	1.0515	0
-0.0646	0.2746	1
0.3995	0.9504	0
0.1934	-0.3077	1
2.0561	0.0433	1
1.8696	0.7328	1
1.2101	-0.6174	1
1.5405	0.2953	1
0.7236	-0.3321	1
0.1647	1.0079	0
-1.2355	0.2622	0
0.2957	0.7654	0
0.4104	-0.2240	1
1.4742	-0.2746	1
0.9592	0.5130	0
1.0813	0.6732	0
1.7222	-0.1979	1
-0.6525	0.9731	0
1.9590	0.6270	1
0.3515	-0.4361	1
1.5315	-0.0506	1
1.0710	0.3646	0
0.6497	-0.4456	1
2.0782	0.4460	1
-0.7259	0.0164	0
-0.8479	0.4168	0
-1.2272	0.5544	0
-0.3360	0.9556	0
-0.1103	0.8863	0
0.1257	-0.1667	1
0.3578	-0.6225	1
0.6745	-0.6170	1
0.2587	0.1076	1
0.4750	-0.6192	1
0.8609	0.5867	0
1.2299	-0.3541	1
0.1727	0.2714	1
-0.4243	1.2369	0
-0.6301	0.4049	0
0.8963	-0.6543	1
1.2530	-0.3035	1
1.3554	-0.1821	1
0.1380	0.0739	1
0.4608	-0.3615	1
-0.8982	0.6204	0
-0.5566	0.9163	0
1.6563	-0.3815	1
0.3057	0.0791	1
-0.8096	1.0256	0
-0.2916	1.0408	0
2.1329	0.5623	1
1.3692	-0.6029	1
0.6470	-0.6905	1
0.0884	0.6243	1
0.1120	1.3347	0
0.4639	-0.2111	1
0.4257	0.6876	0
2.0256	0.2070	1
0.3716	0.8883	0
-0.2443	0.0895	1
0.9151	0.7909	0
-0.0611	0.9969	0
1.9165	-0.0354	1
1.9718	0.0294	1
0.8920	0.5032	0
0.2199	-0.2175	1
1.0933	-0.6545	1
1.1221	0.1030	0
-0.1899	1.0391	0
2.1296	0.1076	1
2.1470	0.1261	1
1.7651	-0.0156	1
0.0609	0.9910	0
-0.2232	0.7293	0
-0.1728	0.2266	1
-0.0543	0.4353	1
1.2889	-0.7597	1
-0.0013	0.1189	1
0.0795	-0.0669	1
0.1071	0.2202	1
1.5163	-0.1665	1
0.8600	0.0974	0
0.2085	-0.1534	1
1.8071	0.2897	1
-0.0019	0.9878	0
-0.0359	0.8474	0
0.9217	0.0671	0
-0.7873	0.4681	0
-0.3676	0.2575	1
0.0677	0.8002	0
-0.0125	0.1190	1
1.3743	-0.5302	1
1.0068	0.2750	0
1.3853	-0.3129	1
0.4015	0.8053	0
1.3345	0.2870	0
-0.9575	0.8824	0
1.3297	-0.7155	1
-0.8007	0.5717	0
-1.1470	0.2024	0
0.3555	1.0427	0
0.1402	1.0677	0
1.0169	-0.7634	1
0.8291	1.0188	0
-1.0330	0.1510	0
1.6928	0.5588	1
0.7126	-0.4281	1
0.3284	-0.0100	1
-0.4893	0.5944	0
1.6489	-0.2917	1
1.6372	-0.3798	1
1.3669	-0.2542	1
1.2205	-0.7728	1
1.4707	-0.2164	1
0.4487	-0.3182	1
1.3552	-0.3374	1
0.5751	0.8096	0
0.0231	0.8456	0
-0.9432	0.4836	0
0.0238	0.0867	1
0.3663	0.1595	1
1.2973	-0.3627	1
0.9490	0.6227	0
0.4855	-0.1997	1
-0.5032	0.5527	0
1.1375	0.4446	0
1.7815	0.1508	1
2.1233	0.2953	1
0.3478	1.4639	0
1.7017	-0.2884	1
1.0464	0.3133	0
0.9585	-0.2093	1
-0.7038	1.0385	0
-0.6508	1.1921	0
1.1666	0.4870	0
0.8276	0.5198	0
-1.0760	0.0444	0
0.2513	-0.5411	1
-1.0028	-0.1379	0
0.7554	0.8090	0
-1.0254	0.7957	0
-0.3335	0.9047	0
1.3441	-0.4145	1
1.1125	0.2502	0
0.1720	0.8488	0
0.3104	-0.5464	1
1.2144	1.0299	0
0.9894	-0.7302	1
0.3193	1.0843	0
1.1396	-0.5505	1
0.4346	-0.2759	1
-0.4910	0.4174	0
0.9493	-0.0729	0
-0.9478	0.7815	0
-0.5705	0.7023	0
-0.8155	0.1123	0
0.8660	0.7447	0
-0.4224	0.3260	0
0.6137	0.6695	0
-0.0780	0.7982	0
-0.0221	0.0960	1
-0.3944	0.9914	0
0.9952	-0.4587	1
0.0296	-0.3117	1
0.4347	0.8166	0
0.0893	1.0048	0
0.6195	0.3330	0
0.6404	0.0918	1
0.1076	0.5293	0
1.3403	0.3360	0
0.8150	0.2573	0
-0.4283	0.9958	0
0.9491	0.6532	0
-0.9586	0.6719	0
0.0843	-0.1317	1
0.0123	-0.1699	1
0.4990	-0.3231	1
0.3668	-0.1403	1
1.4066	-0.7067	1
-0.0615	0.9900	0
2.2633	-0.3960	1
1.1385	0.7330	0
0.0670	0.7045	1
1.7942	-0.1164	1
-0.9988	0.3982	0
0.6737	-0.4632	1
1.1032	-0.4708	1
-0.2495	0.9833	0
0.7117	0.7943	0
0.6450	-0.4265	1
2.1622	-0.0717	1
-0.1090	0.3857	1
2.2364	0.3168	1
0.4418	-0.3592	1
-0.4409	0.7116	0
0.2408	-0.3100	1
0.6010	0.2508	0
0.6876	-0.1157	1
0.1524	0.0633	1
0.8827	-0.4983	1
0.6758	0.9648	0
0.0546	0.9959	0
2.0414	0.4789	1
0.6273	-0.2002	1
0.5832	1.1062	0
0.2988	0.8040	0
-0.2029	1.0149	0
0.3075	0.8223	0
-0.1483	1.0708	0
-0.9586	0.1251	0
1.1823	0.7533	0
0.6191	-0.2197	1
-0.5794	1.0075	0
-0.4805	0.4953	0
0.0073	-0.1982	1
-1.2070	-0.0097	0
0.6815	-0.7508	1
1.8807	0.2010	1
-1.1524	0.5436	0
0.1284	0.4786	1
0.4656	0.9730	0
-1.2130	0.2816	0
0.1551	1.1033	0
0.1830	-0.4923	1
0.2687	-0.2153	1
0.4684	0.6533	0
-0.6372	0.3443	0
0.1615	0.3098	1
0.8066	0.4406	0
0.9746	0.2782	0
1.7982	0.0949	1
-0.8046	0.1720	0
0.4580	0.8458	0
1.4940	-0.4940	1
-0.6088	0.9862	0
-0.7650	0.6180	0
1.6315	-0.6503	1
0.9430	0.7334	0
0.7731	-0.5485	1
0.8968	0.3993	0
2.0637	0.7077	1
0.7328	-0.6377	1
1.9293	0.1724	1
1.3095	-0.2545	1
0.5601	0.1658	1
0.7212	-0.2354	1
1.8662	-0.0421	1
-0.6874	1.0995	0
1.6337	0.2030	1
-0.8439	0.0503	0
-0.8311	0.0062	0
1.1246	0.2085	0
1.4557	-0.2940	1
1.1648	-0.5753	1
0.4201	1.0714	0
-0.4360	0.5607	0
0.7242	-0.1100	1
0.4612	0.6956	0
-0.4714	1.0335	0
-0.2748	0.7459	0
-0.5871	0.0690	0
-0.9743	0.4889	0
1.2297	0.5654	0
0.2306	0.0697	1
0.5357	0.9615	0
-0.4661	0.1614	1
-0.8338	0.2409	0
-0.9163	0.0721	0
2.2623	0.4027	1
-1.0057	0.3789	0
-0.9849	0.1525	0
-0.5378	0.6652	0
0.5539	0.7503	0
1.8980	-0.2964	1
0.4974	-0.3580	1
0.9297	0.6407	0
0.0099	0.4096	1
-1.1027	-0.0047	0
-0.9203	0.3274	0
-0.4458	0.6022	0
-0.1501	0.9417	0
0.7258	-0.5231	1
1.6897	-0.1162	1
-0.1269	0.8234	0
0.5772	0.3671	0
1.6806	-0.1986	1
-1.0716	0.1383	0
0.1865	0.9969	0
1.0738	0.1858	0
-0.0826	0.3147	1
1.0110	-0.6695	1
0.9967	0.1140	0
0.1785	1.0283	0
1.8509	0.4580	1
0.1407	0.7967	0
1.8801	-0.2928	1
-0.5216	0.6963	0
0.9265	-0.5764	1
1.8967	-0.0189	1
0.7582	-0.3720	1
0.5309	1.1492	0
-0.0710	1.0596	0
0.9261	0.1455	0
0.2818	1.1103	0
-0.2541	0.6886	0
0.9188	-0.1567	1
1.8541	-0.3089	1
0.5707	-0.3582	1
1.0982	-0.5834	1
0.3152	0.3729	1
-0.8944	0.4737	0
2.2332	0.3022	1
-0.5551	0.0153	0
0.5728	-0.6771	1
-0.1992	0.6356	0
0.9453	0.2124	0
0.9341	-0.6661	1
0.6585	-0.5833	1
-1.0209	0.5786	0
0.0234	1.0138	0
-0.1726	0.8066	0
0.5666	-0.5032	1
-0.5727	0.6271	0
0.5949	-0.3575	1
-0.5757	1.0710	0
0.6839	0.7368	0
-1.1393	0.0594	0
0.4416	-0.0007	1
1.8264	0.2913	1
0.5445	0.1563	0
0.9855	-0.0534	0
1.6250	-0.2168	1
2.0370	0.2565	1
0.4687	-0.0237	0
-0.1214	0.5884	1
-0.4301	-0.0739	1
-0.0619	0.4863	1
1.8208	0.1362	1
0.5585	-0.8089	1
1.1489	-0.4569	1
0.9716	1.2784	0
-1.0656	1.1059	0
0.5547	0.8482	0
0.1973	-0.1933	1
1.1608	-0.3956	1
1.6446	0.3318	1
1.3472	-0.6286	1
0.4881	-0.1552	1
-0.8751	0.7121	0
-1.0223	0.6338	0
0.5957	1.2584	0
1.9500	0.4616	1
-0.2033	1.2340	0
-1.1107	0.4040	0
-1.0363	0.0594	0
1.9820	0.2833	1
0.8779	-0.4522	1
1.5994	-0.2618	1
0.6309	-0.4309	1
1.7057	0.2227	1
1.0851	0.7093	0
0.0093	0.9456	0
0.0537	0.8458	0
0.7240	-0.4731	1
0.6281	0.8279	0
0.1872	-0.2090	1
1.7476	-0.7810	1
0.8294	-0.8172	1
-0.5977	0.6997	0
0.1569	0.4533	1
-0.1897	0.8337	1
2.0870	0.0180	1
2.2171	0.1377	1
1.7273	-0.0733	1
-1.0669	0.0649	0
2.2205	0.2299	1
0.1468	0.0029	1
0.1494	0.9121	0
-0.0956	-0.2147	1
0.2666	1.2389	0
1.7435	-0.3065	1
0.8223	-0.5719	1
1.7764	-0.2044	1
0.9180	0.7558	0
1.1458	0.0955	0
1.6428	0.0804	1
0.8343	0.5309	0
-0.6791	1.3738	0
0.3216	0.4298	1
0.6984	0.6871	0
0.4020	-0.3977	1
1.2035	-0.7367	1
-0.8861	0.2723	0
-0.8978	0.6844	0
0.6058	1.1027	0
-0.7722	0.2013	0
-0.8179	0.0938	0
2.0252	-0.1825	1
0.8886	0.6856	0
-1.2024	0.0478	0
1.7563	0.2200	1
-0.4589	0.4215	0
0.4474	0.9535	0
1.3233	-0.5892	1
1.7373	0.1578	1
-0.2230	-0.1060	1
-0.1448	1.0730	0
0.8040	0.4302	0
1.1747	-0.3718	1
-0.0082	0.7986	0
0.7738	0.7370	0
-0.7149	0.7971	0
-0.9765	0.5795	0
1.7539	-0.2437	1
-0.1171	0.5228	1
0.4237	0.5498	0
0.7534	0.7859	0
1.8263	0.0682	1
0.3152	0.6658	0
0.2629	-0.3906	1
2.3326	0.1596	1
0.8858	0.1194	0
1.6629	-0.0082	1
-0.5611	0.7144	0
-0.0183	0.3658	1
0.5185	0.6347	0
0.5370	0.9862	0
-0.1840	1.1120	0
-1.2400	0.5064	0
-0.9595	0.3327	0
-0.1576	1.3636	0
-0.1707	1.0561	0
1.6762	-0.3268	1
0.3686	0.0376	1
1.3905	-0.3443	1
-0.9236	0.5248	0
0.9886	0.2532	0
-0.0123	-0.2542	1
-0.1296	0.0092	1
0.0831	1.0787	0
0.3595	1.1024	0
1.2082	0.1324	0
0.7401	0.7588	0
0.4741	-0.2520	1
0.1811	1.2030	0
0.6079	0.7294	0
0.7339	0.2368	0
-0.0431	0.6171	0
0.4918	0.6330	0
-1.0102	0.0704	0
0.1640	0.1441	1
0.7999	-0.6381	1
2.1261	0.4307	1
-0.9773	0.3515	0
0.8447	-0.5389	1
1.4363	-0.2378	1
1.6137	0.6695	1
-0.4718	0.7915	0
0.1924	-0.1209	1
0.2046	1.1336	0
-0.5582	0.9127	0
1.2013	-0.7042	1
0.3299	0.9184	0
-0.1235	0.5307	0
1.9738	0.2665	1
-0.2893	1.0207	0
-0.0020	-0.1519	1
-0.0130	0.1859	1
0.9242	0.5809	0
-0.5145	0.0653	1
0.2869	-0.6891	1
0.2043	-0.3145	1
1.2443	0.2687	0
0.8759	0.1666	0
0.8074	0.2986	0
-0.3454	0.6431	0
-0.9083	0.5890	0
0.8755	-0.5776	1
0.7753	0.3858	0
1.2201	-0.2201	1
1.2413	-0.5476	1
1.5244	-0.1758	1
2.0357	0.0615	1
1.4339	-0.3668	1
-0.1199	-0.0037	1
0.2630	1.1741	0
1.1041	-0.2604	1
2.0911	0.4569	1
-0.0786	0.5608	1
0.4608	0.2823	1
0.1136	-0.6911	1
0.7036	-0.7751	1
1.5886	-0.1611	1
-0.4602	0.9527	0
0.4578	1.1664	0
0.7804	0.1044	0
0.8419	0.2508	0
0.9817	-0.3899	1
0.1566	0.7612	0
2.2018	0.3087	1
1.1322	0.5285	0
-0.7532	0.8018	0
0.4349	0.9575	0
-0.8443	0.9246	0
-0.1075	1.0634	0
1.0565	-0.1756	0
-0.9854	0.8280	0
0.1677	0.3387	1
0.4082	0.4655	0
0.7749	0.5295	0
1.4809	-0.1380	1
1.1464	0.0762	0
0.4928	1.0777	0
0.0332	0.8278	1
0.3990	0.8922	0
0.7494	0.7752	0
1.8502	-0.2942	1
0.1385	-0.2921	1
-0.6768	0.6631	0
1.3964	-0.2516	1
1.3301	-0.4369	1
1.3373	-0.5005	1
0.1635	1.2845	0
0.6978	0.6758	0
-0.6199	1.1331	0
1.1567	-0.1115	1
-0.2808	0.9189	0
2.0297	0.4479	1
-0.3629	0.7729	0
0.6654	-0.2154	1
-0.1563	0.5405	1
0.6572	-0.2900	1
0.9982	0.2984	0
0.1506	-0.2299	1
0.5280	0.4606	0
-0.8123	1.1667	0
0.5707	0.7287	0
-0.0631	0.0945	1
0.7113	0.4064	0
0.3353	0.1759	1
-0.1035	-0.2219	1
-0.5526	0.2709	0
0.8369	-0.2703	1
1.0085	0.1515	0
1.0346	-0.0735	0
1.1439	0.5953	0
0.9076	0.6708	0
1.3389	0.1627	0
-0.3790	1.0797	0
1.3944	0.0093	0
1.6139	-0.1441	1
1.1380	-0.6853	1
1.0633	1.0083	0
0.9478	0.2368	0
-1.2608	0.3609	0
-0.5823	0.6909	0
0.9146	0.2854	0
0.7501	0.4159	0
2.1819	0.1500	1
1.4450	-0.3771	1
0.1498	0.7231	0
1.2323	-0.3927	1
-0.8982	0.4096	0
1.0096	0.4474	0
0.5057	0.9492	0
-0.0255	1.3116	0
0.9887	-0.1808	1
-0.7675	0.4016	0
0.1083	-0.1841	1
1.0395	0.3158	0
1.8779	0.3852	1
-0.6636	0.3081	0
0.3963	-0.4146	1
0.7183	-0.0222	0
-0.1543	0.7078	0
0.8312	0.6213	0
1.6884	-0.0729	1
0.3388	-0.1450	1
-0.9832	0.0129	0
1.9073	0.0746	1
1.1743	-0.5645	1
1.3140	-0.6220	1
-0.6337	0.5325	0
-0.5665	0.2696	0
0.3860	1.1446	0
0.9603	0.5608	0
0.8572	-0.4842	1
0.8401	0.7722	0
-0.1474	-0.2153	1
0.9183	0.3446	0
1.7232	-0.7216	1
-0.4178	1.1526	0
1.1631	0.6246	0
0.9495	-0.3749	1
2.0390	0.4645	1
1.0438	-0.2151	0
1.1310	0.1288	0
0.8410	-0.0840	1
1.3677	-0.4451	1
0.5596	0.8205	0
-0.7395	0.7476	0
1.9949	-0.0210	1
0.7965	-0.6049	1
0.8785	-0.0154	0
0.7036	-0.3407	1
-0.3052	0.4005	1
0.1076	0.4438	1
0.3309	0.0679	1
1.0602	0.5243	0
0.4873	-0.3064	1
-0.0725	1.0277	0
2.0840	-0.0011	1
-0.2472	0.4144	1
-0.7226	0.5367	0
2.0143	0.6518	1
0.5023	-0.4993	1
1.2282	-0.6291	1
0.8863	-0.5821	1
0.2003	0.7042	0
1.6304	-0.3669	1
-0.1780	0.1047	1
0.7369	-0.4521	1
0.9508	0.0869	0
-0.2195	1.2088	0
0.4571	-0.1140	1
-0.8206	0.2503	0
0.8987	0.2201	0
-0.9859	0.4023	0
0.5371	-0.4119	1
0.7745	0.4331	0
0.7544	0.1834	0
0.2336	-0.1943	1
0.6181	1.1992	0
0.6922	-0.9895	1
0.0258	0.0553	1
1.6535	-0.1206	1
1.2887	-0.3669	1
1.1289	-0.7690	1
0.2739	-0.2934	1
1.0988	-0.0788	0
0.2604	1.3744	0
-0.4466	0.7830	0
0.6587	0.6473	0
-0.6969	0.2342	0
0.3496	0.9505	0
-1.0597	0.0078	0
-0.9077	0.2215	0
1.6972	-0.4088	1
0.4987	-0.3419	1
0.4663	0.6428	0
0.4239	-0.1535	1
1.5693	-0.1002	1
0.3922	-0.4474	1
-0.8912	-0.3701	0
-0.1979	1.3258	0
-0.8003	0.4948	0
1.8512	0.4592	1
-1.2827	0.1901	0
-0.3659	1.1180	0
-0.1446	0.7445	0
0.6124	0.2281	1
-0.4461	0.6508	0
0.6585	-0.4755	1
0.6875	-0.1353	1
0.2781	-0.1558	1
0.2800	0.4653	1
0.5277	1.2140	0
-0.7250	0.8573	0
0.9738	-0.8104	1
0.5026	1.4036	0
-1.3630	0.0940	0
-0.6499	0.6528	0
-0.6973	0.4782	0
0.0526	0.2388	1
-1.4338	0.3300	0
1.2686	-0.4867	1
1.0034	-0.2842	1
1.1187	-0.3165	1
0.9106	-0.2372	1
1.4974	-0.3625	1
0.0439	-0.1547	1
1.4053	-0.4482	1
1.5435	-0.4209	1
0.6879	0.0904	1
-0.5524	0.1063	0
0.9835	-0.0128	0
0.0036	-0.1985	1
-0.5876	0.4703	0
0.5891	-0.1602	1
-0.0528	0.5622	0
1.3507	-0.2658	1
0.7893	0.3797	0
0.9810	0.3607	0
-0.0694	-0.0700	1
-0.5686	0.2062	0
1.7046	-0.4945	1
-1.0067	0.7420	0
-0.0519	-0.2064	1
-0.0073	1.0222	0
1.7241	-0.0708	1
0.6000	1.0341	0
0.1522	0.8801	0
0.2418	0.6035	1
-1.2206	0.3945	0
-1.2545	0.5216	0
2.3235	-0.0198	1
-0.0899	1.1498	0
0.5988	-0.6223	1
0.9549	-0.6133	1
1.2063	-0.3185	1
-0.3771	0.9406	0
0.7894	0.5889	0
0.0830	0.1400	1
0.8935	0.0827	0
-0.8201	0.7759	0
0.7980	0.0565	0
2.0322	0.3457	1
0.3573	-0.1872	1
-0.8433	0.4903	0
0.6388	-0.5581	1
1.9706	0.2338	1
0.0439	-0.2056	1
0.1486	0.4741	1
1.7021	-0.2787	1
2.0664	0.4339	1
0.2401	0.7484	0
0.6326	0.9919	0
0.1413	0.0104	1
1.2020	0.2624	0
-0.0047	0.0334	1
0.6763	-0.4359	1
1.8603	-0.0637	1
-0.7473	0.1523	0
0.6382	0.4281	0
0.7399	-0.2094	1
0.3065	-0.2507	1
0.7972	-0.1613	1
1.6045	-0.4673	1
-0.8561	0.4381	0
0.2704	1.2111	0
-0.8151	0.0811	0
-0.0682	0.2662	1
0.1917	0.3550	1
-0.0587	1.2529	0
-0.8920	0.5381	0
-0.5034	0.9414	0
0.6363	0.9417	0
-0.5829	0.7523	0
1.7122	0.2023	1
1.4609	-0.8410	1
0.3205	-0.0028	1
1.5529	-0.0338	1
0.7285	-0.4932	1
1.5894	-0.0801	1
-1.3068	-0.1543	0
0.0839	0.0056	1
0.1202	0.5110	1
0.7029	-0.1301	0
1.3049	-0.6567	1
-0.6174	1.0059	0
0.2934	-0.0258	1
0.0544	-0.0522	1
-1.0159	0.0665	0
-1.1296	0.2671	0
0.0757	0.3832	1
0.3536	-0.4306	1
1.3306	-0.1071	1
1.1183	-0.7807	1
-1.0525	0.4196	0
1.7668	-0.4461	1
-1.0307	0.0578	0
-0.6517	1.1486	0
-0.5764	0.7706	0
0.2070	0.9876	0
0.5121	0.9027	0
1.0175	0.2372	0
1.2802	-0.1191	1
0.3066	0.8742	0
0.5231	0.8470	0
0.6943	0.3737	0
-0.3455	0.4626	1
1.3085	-0.4838	1
0.2801	-0.4696	1
0.6029	-0.4956	1
-0.5043	0.7208	0
1.0745	0.0805	0
0.4661	-0.4792	1
-0.8851	0.6495	0
1.0842	-0.5819	1
1.9799	0.0805	1
0.6432	0.7019	0
0.9607	0.1554	0
1.7985	0.2214	1
-0.7668	0.5522	0
1.7461	0.3877	1
0.6478	-0.3821	1
-0.9907	-0.3246	0
1.3540	-0.3127	1
-0.8804	0.8157	0
0.6537	0.5847	0
-1.2214	-0.1097	0
0.0598	0.9659	0
-0.6038	0.6147	0
-0.8106	0.7367	0
1.8142	-0.0313	1
1.1828	-0.2142	1
-0.8935	0.8503	0
0.5081	1.0586	0
0.0066	0.0910	1
-0.6468	0.2357	0
1.2307	-0.4848	1
-0.1107	1.0096	0
0.7428	0.2888	0
0.1337	0.8246	0
2.1569	-0.0506	1
-0.6738	0.2598	0
-0.1046	0.8539	0
1.9377	-0.0386	1
0.8562	0.3750	0
-0.6301	0.2358	0
0.9882	-0.5284	1
1.6878	0.3632	1
-0.8602	0.6596	0
-0.0857	0.8421	0
0.3522	-0.3061	1
0.4040	-0.4989	1
1.0633	0.3653	0
0.3477	1.1467	0
0.3490	0.8106	0
-0.1980	-0.0015	1
0.0272	0.1732	1
1.8853	-0.1701	1
-0.8704	0.7866	0
1.7735	-0.1659	1
1.5562	-0.0582	1
-0.5741	0.9349	0
-1.3329	0.4164	0
0.9062	0.6494	0
-0.8084	0.4378	0
1.0752	-0.8535	1
0.6122	0.9234	0
0.7732	1.0113	0
2.0155	0.2075	1
-0.1037	0.3517	1
0.2851	0.8103	0
0.8643	-0.4530	1
0.2662	0.1715	1
-0.6304	0.5169	0
1.4168	-0.1706	1
-0.5309	0.5115	0
-0.0152	-0.2171	1
0.1795	0.0138	1
1.0879	-0.5067	1
2.3698	0.4946	1
-0.1368	0.6754	0
0.9451	0.0019	0
0.6282	0.9924	0
0.1201	-0.2306	1
0.5782	-0.0255	1
1.7204	-0.1876	1
0.4928	0.9545	0
0.4637	0.7103	0
0.0134	0.8420	0
0.8519	0.8767	0
-1.0813	-0.2048	0
0.1617	0.0279	1
1.4064	-0.3687	1
-0.0554	0.2096	1
2.0907	0.1766	1
1.3944	0.4024	0
-0.1158	0.3526	1
0.0055	0.2337	1
0.2649	0.2520	1
1.8182	0.6140	1
0.4434	-0.1703	1
-0.7010	0.8877	0
1.9195	-0.3928	1
-0.5969	0.2676	0
0.8070	0.2423	0
0.1176	0.2110	1
1.7055	-0.2348	1
2.1012	0.7832	1
-0.6761	0.4035	0
0.0221	1.2963	0
0.0333	0.5774	0
0.2627	-0.5348	1
0.5110	-0.4099	1
1.8820	-0.5225	1
-0.0218	-0.3238	1
-0.3558	1.1494	0
-0.5990	0.9882	0
-0.3189	0.0069	1
0.3979	0.2066	1
-0.9850	0.5770	0
-0.0357	1.0938	0
-0.6810	1.0317	0
1.4292	0.1312	1
1.6882	0.0083	1
1.1471	-0.7709	1
-0.0878	0.0853	1
-0.8075	0.4951	0
0.8380	0.4960	0
-0.7898	0.7098	0
1.9979	-0.6106	1
-0.3381	0.4047	1
-0.9978	0.4431	0
0.7746	0.3136	0
-0.1528	1.0417	0
2.1309	-0.0685	1
-0.6436	0.3428	0
0.2371	1.1083	0
0.7688	0.7022	0
-0.4742	0.7450	0
-0.9389	0.3531	0
-1.1722	0.5882	0
-0.7273	0.3231	0
1.1297	0.7071	0
0.5917	-0.3433	1
1.4621	-0.2564	1
-0.9076	0.0641	0
-1.1301	0.4185	0
-0.4655	0.7421	0
0.4203	-0.1829	1
2.1500	0.5559	1
0.8097	0.0763	0
-0.1983	0.3640	1
1.6843	-0.2036	1
0.4392	0.9467	0
1.3312	-0.6172	1
1.5546	-0.0358	1
0.0876	1.0069	0
-0.0726	0.0922	1
-0.0485	0.1991	1
-0.7463	0.3481	0
2.1274	-0.4933	1
0.8390	0.7720	0
0.7614	-0.3959	1
1.4077	-0.5612	1
0.3337	1.1170	0
0.8695	0.4959	0
0.3533	-0.1552	1
0.3352	-0.2388	1
-0.2586	0.9871	0
0.6876	0.0008	0
1.4346	-0.3092	1
-0.6661	0.8055	0
-0.9257	0.7700	0
0.5842	-0.3803	1
0.2939	-0.0093	1
0.4449	-0.3047	1
0.4186	0.9212	0
-1.0447	-0.2901	0
-0.5551	0.6778	0
0.1893	0.9230	0
0.1554	1.0409	0
0.5965	0.6258	0
0.8221	0.4195	0
-0.6952	1.1676	0
0.9453	0.1103	0
-0.7398	0.5547	0
1.7459	-0.2180	1
-0.8684	0.5825	0
2.0747	0.0577	1
0.4106	1.2857	0
-0.8930	0.3082	0
-0.4214	0.4669	0
-0.6486	0.6684	0
1.8527	0.2544	1
0.0069	0.5318	1
0.2067	-0.2351	1
0.9156	0.6530	0
0.8457	-0.5612	1
-0.0513	0.1280	1
-0.7774	0.7217	0
1.6371	-0.5903	1
-0.0535	1.1582	0
0.8255	0.4163	0
-0.7956	-0.0232	0
-1.2050	0.4110	0
0.3445	-0.5226	1
-0.4196	1.0214	0
-0.5527	0.8960	0
1.5549	-0.5499	1
-0.1612	0.8744	0
1.7901	0.1007	1
0.9028	0.1253	0
1.3911	0.2456	0
0.4525	-0.3984	1
0.4400	-0.2164	1
2.2521	-0.0826	1
-1.4519	0.1253	0
-0.7788	-0.2534	0
1.3924	0.5044	1
0.8755	0.3445	0
-0.1031	-0.1173	1
-0.9777	-0.1033	0
2.0893	-0.2089	1
1.3012	-0.6065	1
-0.3800	0.8368	0
1.0036	0.1644	0
0.5936	0.9231	0
0.3823	0.9036	0
1.7041	-0.6298	1
1.1338	-0.1218	1
1.9375	0.3907	1
1.7250	0.5788	1
0.3188	1.0824	0
2.0542	0.4546	1
-0.2907	0.5558	1
-0.0483	1.0982	0
0.5680	0.2380	0
0.5651	-0.2614	1
0.4729	-0.0912	1
0.6304	0.2287	0
0.9934	-0.3540	1
0.0306	-0.0331	1
2.0290	0.8513	1
-0.0471	0.9778	0
1.3390	-0.4502	1
-0.4361	0.6600	0
1.4313	-0.2160	1
-0.1654	0.7252	1
1.4707	-0.5498	1
1.2137	-0.5573	1
-0.8402	0.0671	0
1.9200	0.2361	1
0.6876	0.3779	0
-1.0292	0.7793	0
1.3610	-0.5267	1
0.4882	0.4340	0
0.5923	0.0614	0
1.6320	-0.3528	1
0.1817	1.0535	0
2.4058	0.0379	1
0.8884	-0.2445	1
0.5959	0.7001	0
0.9017	0.1532	0
-0.4047	0.8288	0
0.1117	0.2729	1
0.3894	-0.4912	1
0.3371	0.6900	0
1.3580	-0.2970	1
1.7980	0.2410	1
-0.6408	0.5580	0
1.6872	0.1695	1
-0.6862	0.5857	0
1.4936	-0.1385	1
0.1865	-0.2260	1
0.1298	-0.3258	1
0.8363	-0.3882	1
1.0045	-0.2951	1
1.2442	-0.1572	1
0.4439	-0.3769	1
1.8451	-0.0498	1
-0.5664	0.3704	0
1.1673	-0.2402	1
0.7570	0.6623	0
-0.6510	0.0545	0
0.3025	-0.2829	1
-0.6964	0.5709	0
1.6349	-0.4706	1
-1.2595	0.4750	0
-1.3763	0.2037	0
1.0762	0.4984	0
2.3085	0.3104	1
1.6332	-0.1397	1
-0.0393	0.6831	0
-0.0993	-0.0241	1
-0.1138	-0.1982	1
1.4957	-0.6726	1
1.0288	0.4614	0
0.8749	-0.5502	1
0.9415	-0.3482	1
-0.2072	0.7983	0
1.8029	0.0749	1
-0.0199	0.4849	1
0.8810	0.1724	0
0.7549	0.5019	0
-0.0496	0.8451	0
1.7656	0.3488	1
0.9944	0.7352	0
1.4716	0.5842	1
0.1318	-0.0296	1
1.9733	0.1991	1
0.8663	0.0647	0
-0.1205	0.3751	1
1.8203	-0.0748	1
0.0469	0.4295	1
0.2518	1.1528	0
0.7647	0.6078	0
0.6517	-0.6279	1
-1.1281	0.1254	0
1.8861	-0.0537	1
-0.8333	0.5799	0
1.1200	-0.3855	1
1.9147	0.3274	1
-0.4017	0.8485	0
0.5752	1.0595	0
1.4610	-0.3162	1
0.4677	0.2342	0
1.4506	-0.2901	1
0.5201	-0.7365	1
0.7376	-0.9250	1
1.1647	0.2372	0
0.3375	1.1854	0
-0.6077	0.6774	0
2.0686	0.2777	1
1.9536	0.0437	1
-0.5144	0.5413	0
1.8154	-0.2503	1
-1.0858	0.3606	0
0.2708	0.9448	0
1.7621	0.0427	1
-0.1303	0.0324	1
1.0068	0.5792	0
1.2123	-0.4525	1
1.7995	0.2986	1
0.3980	1.2527	0
-1.0890	0.0415	0
2.1572	0.1850	1
-0.2273	0.9346	0
0.3783	-0.6873	1
-0.1958	1.1258	0
0.7819	-0.0202	1
1.0024	0.7847	0
-0.0110	-0.1773	1
0.4080	-0.0641	1
-0.3131	1.0198	0
0.9652	0.6915	0
-0.4520	0.8120	0
1.2774	-0.3913	1
-1.0906	0.2079	0
0.5353	0.7914	0
1.1687	-0.3560	1
-1.1032	0.4674	0
0.6324	0.4501	0
0.6888	0.6809	0
2.0269	-0.0254	1
0.3869	0.7599	0
0.8094	0.2826	0
0.3758	0.2295	1
0.6439	0.8087	0
0.4484	-0.7319	1
-1.0617	0.2227	0
0.3987	0.7813	0
0.7681	-0.4061	1
1.8535	-0.1456	1
2.0844	0.1828	1
1.3698	-0.0830	1
1.8130	-0.0527	1
0.0780	-0.1454	1
1.4028	-0.3050	1
0.8406	-0.6530	1
0.2577	1.1496	0
1.8256	0.2276	1
-0.6618	0.6692	0
1.0002	-0.3079	1
0.7615	0.5253	0
-0.3968	1.0917	0
1.1002	-0.1726	0
1.0871	0.2175	0
-0.5411	0.7507	0
1.9215	0.3922	1
-1.1967	0.5394	0
1.0860	-0.5125	1
1.4902	-0.2924	1
1.9163	0.1377	1
0.8044	-0.5069	1
0.9979	-0.2919	1
1.2797	-0.6877	1
0.3744	-0.3527	1
1.6239	0.0069	1
0.0754	1.1142	0
0.8504	-0.1541	1
-0.0892	0.1291	1
1.7854	-0.3932	1
0.4774	-0.4667	1
2.2004	0.0881	1
1.2826	-0.4755	1
1.7386	-0.4338	1
0.5333	-0.4928	1
-0.7272	1.2348	0
1.7567	0.1731	1
0.3511	-0.4199	1
1.7567	0.0044	1
1.5519	-0.0691	1
0.7472	1.0236	0
-0.5421	0.6770	0
0.6728	-0.4396	1
1.0447	-0.9322	1
-0.6138	0.8223	0
0.5833	-0.1743	1
0.4525	-0.0130	1
-1.0396	0.2723	0
-0.0633	1.1830	0
-0.6232	0.8637	0
0.3593	-0.2227	1
0.8295	-0.6192	1
0.7298	-0.8629	1
0.5774	-0.3057	1
2.0003	0.2908	1
0.5316	-0.7840	1
0.9857	-0.5211	1
0.5161	-0.0742	1
0.9152	-0.3413	1
1.5631	-0.1184	1
0.4248	-0.5437	1
2.1923	0.3544	1
1.6429	0.0858	1
1.5134	-0.2323	1
1.7535	-0.5401	1
-0.6965	0.3544	0
-0.8452	0.3307	0
0.1635	0.4880	1
1.8309	0.2956	1
-0.0493	1.3075	0
-0.8188	0.8346	0
-0.5647	0.9246	0
0.0085	0.2892	1
0.3390	-0.1176	1
1.7847	0.1660	1
0.0980	-0.2324	1
-0.0278	0.8366	0
0.3136	0.2589	1
-0.2401	0.8976	0
0.3241	-0.1045	1
1.4040	-0.0135	1
-0.8756	0.7170	0
2.0241	-0.2751	1
0.8792	-0.6872	1
0.2133	0.8063	0
1.8627	0.0315	1
1.1280	0.3446	0
-0.0443	0.3219	1
0.0958	0.8402	0
0.1179	-0.1050	1
-0.8500	0.5330	0
-1.1986	0.3182	0
1.2883	-0.4038	1
1.8148	-0.1756	1
0.9131	-0.5385	1
-0.8408	0.5877	0
1.2666	-0.5643	1
-0.1914	0.0917	1
0.9307	0.7190	0
0.4471	0.9177	0
-0.5179	0.5041	0
-0.7278	0.3869	0
0.1951	1.0670	0
-0.6614	0.7403	0
1.8953	0.0157	1
0.7514	0.0495	1
0.1484	0.4344	1
1.9969	-0.0024	1
-0.4280	0.8405	0
1.9267	-0.4672	1
-0.3043	0.8404	0
2.0534	-0.1743	1
-1.2303	0.1124	0
1.0107	-0.3808	1
-0.5930	0.9505	0
-0.7037	0.8449	0
0.6799	0.4436	0
-0.7140	0.6747	0
1.7113	-0.1203	1
1.6227	-0.5104	1
0.3175	0.7399	0
-0.1815	1.0195	0
0.2456	0.2273	1
-0.0317	0.2434	1
-1.0828	0.2774	0
-1.0695	0.8941	0
0.6756	0.7327	0
0.6585	0.5428	0
0.1472	0.4171	1
0.7932	0.1754	0
-0.2352	0.3960	1
0.9555	0.8212	0
1.0455	-0.6941	1
1.9322	-0.0920	1
-0.0912	1.0844	0
0.6123	1.0273	0
0.0344	0.3320	0
1.6403	-0.2531	1
-0.0035	0.7467	0
0.2642	0.8969	0
1.2169	-0.6276	1
-0.2911	-0.0217	1
-0.0168	0.1529	1
0.9629	-0.4470	1
-0.4774	0.6415	0
0.2093	-0.3499	1
0.1852	-0.2666	1
0.0370	0.9864	0
1.6295	-0.0592	1
0.9273	-0.1193	0
1.7237	0.1400	1
1.2845	-0.0399	0
0.3073	-0.4191	1
0.1521	0.1393	1
0.0851	0.9502	0
0.6340	0.7542	0
0.9575	0.4989	0
-0.7687	0.6391	0
0.6089	0.6254	0
-0.8061	0.6567	0
0.0453	0.4229	1
-0.7438	0.1613	0
0.6628	0.6350	0
1.8734	-0.0308	1
-1.0190	0.7897	0
1.6106	-0.3616	1
0.8698	0.6695	0
1.4899	-0.2438	1
0.1384	0.4214	1
0.5845	-0.1548	1
1.2731	-0.3113	1
0.8420	-0.4031	1
-0.3855	1.5000	0
2.1062	0.5203	1
-0.6009	1.0156	0
2.1117	0.3418	1
0.6892	0.7203	0
-1.0951	-0.1526	0
0.6694	0.3207	0
0.8594	0.1480	0
1.2856	-0.4762	1
-0.6313	0.6462	0
0.9202	1.2244	0
-0.8435	0.8506	0
0.8800	-0.7029	1
1.6170	0.1209	1
1.6649	0.0951	1
0.2799	0.3801	1
-0.3750	1.0739	0
0.8578	-0.5581	1
-0.1522	0.7559	1
0.0486	0.5487	1
0.5609	-0.7054	1
1.8331	0.1539	1
1.0528	-0.4660	1
-0.2847	-0.0453	1
0.9335	0.7217	0
0.9159	-0.0968	0
-0.9675	0.5729	0
0.1022	1.1853	0
0.7488	-0.7191	1
0.9860	-0.6624	1
1.8922	0.6740	1
0.8278	-0.4097	1
0.7049	0.3246	0
0.7963	-0.4844	1
-0.6788	0.5738	0
0.1313	1.0405	0
0.7185	-0.1341	1
-0.6745	0.5449	0
0.6366	0.7351	0
0.7411	0.0122	0
0.7675	0.3981	0
-0.0039	1.1749	0
0.2545	1.0467	0
0.4060	-0.0580	1
1.0633	0.2186	0
-0.7601	0.4383	0
1.0146	-0.0828	0
-0.0950	1.1038	0
1.7326	-0.2408	1
0.9496	-0.4127	1
0.1630	0.2850	1
1.2475	-0.3021	1
-0.7983	0.2262	0
0.2931	-0.0324	1
1.2705	-0.3592	1
1.8872	-0.0153	1
-0.2200	1.0426	0
1.8575	0.3025	1
-0.7413	1.0567	0
-1.0502	0.4222	0
1.1343	0.5438	0
1.6197	-0.4875	1
-1.2916	-0.1994	0
-0.3113	0.8327	0
1.0763	-0.9441	1
1.3626	-0.1209	1
0.0243	0.9700	0
0.1460	0.5721	1
0.0359	1.0107	0
1.3011	0.0135	1
-1.3204	0.5713	0
-0.7250	0.8254	0
0.5706	0.7023	0
1.1401	0.6886	0
0.6725	-0.5419	1
0.0423	0.9012	0
-0.1963	-0.1129	1
0.7930	0.5082	0
-0.7807	0.2355	0
0.0731	-0.1541	1
0.6720	1.0826	0
-0.8178	0.5254	0
0.8200	-0.5831	1
0.6278	-0.0904	1
0.5036	0.9609	0
-0.7612	0.5148	0
0.4601	-0.6843	1
2.0062	-0.5815	1
0.7112	0.3095	0
1.8137	-0.3282	1
-1.1673	0.6426	0
0.2201	0.2305	1
0.8234	0.0314	1
1.3998	0.1328	0
1.2698	-0.4219	1
0.6080	0.5228	0
0.2332	-0.3431	1
0.2708	1.2087	0
0.5136	0.3670	0
1.6463	-0.4440	1
0.1554	0.4323	1
1.7171	-0.3152	1
-0.1990	-0.0186	1
0.2243	0.1064	1
0.3701	-0.3831	1
-0.9670	0.6327	0
0.8059	-0.7601	1
0.2262	0.0731	1
